# Probe 0 (1 0 0)
# Probe 1 (7 0 0)
#       Probe             0             1
#        Time
         0.01             (0.765435 -0.0218789 1.41959e-18)             (0.998491 -5.95427e-05 2.29439e-21)
         0.02             (0.762412 -0.0222753 -6.96249e-21)             (0.998467 -5.30845e-05 4.64393e-23)
         0.03             (0.758839 -0.0225699 -7.89054e-21)             (0.998433 -5.36294e-05 3.83301e-23)
         0.04             (0.755261 -0.0228693 -8.03966e-21)             (0.998402 -5.40502e-05 3.67678e-23)
         0.05             (0.751679 -0.0231728 -8.22085e-21)             (0.998373 -5.44163e-05 3.37477e-23)
         0.06             (0.748096 -0.0234802 -8.40302e-21)             (0.998346 -5.47337e-05 3.09178e-23)
         0.07             (0.744513 -0.0237918 -8.57976e-21)             (0.99832 -5.50166e-05 2.82628e-23)
         0.08             (0.740931 -0.0241078 -8.74635e-21)             (0.998295 -5.52579e-05 2.57879e-23)
         0.09             (0.737347 -0.0244284 -8.89979e-21)             (0.998271 -5.5466e-05 2.34827e-23)
          0.1             (0.733761 -0.0247541 -9.03834e-21)             (0.998249 -5.56428e-05 2.13381e-23)
         0.11             (0.730169 -0.0250853 -9.16118e-21)             (0.998228 -5.57972e-05 1.93469e-23)
         0.12             (0.72657 -0.0254224 -9.26815e-21)             (0.998207 -5.59254e-05 1.7505e-23)
         0.13             (0.722958 -0.0257658 -9.35949e-21)             (0.998188 -5.60324e-05 1.57875e-23)
         0.14             (0.719333 -0.0261159 -9.4357e-21)             (0.998169 -5.61215e-05 1.41878e-23)
         0.15             (0.715688 -0.0264733 -9.49982e-21)             (0.998151 -5.62042e-05 1.2686e-23)
         0.16             (0.712022 -0.0268388 -9.54867e-21)             (0.998134 -5.62694e-05 1.12858e-23)
         0.17             (0.708332 -0.027212 -9.58401e-21)             (0.998117 -5.63163e-05 9.96373e-24)
         0.18             (0.704612 -0.0275934 -9.60714e-21)             (0.998101 -5.63602e-05 8.76895e-24)
         0.19             (0.70086 -0.0279835 -9.6191e-21)             (0.998086 -5.63915e-05 7.65173e-24)
          0.2             (0.697072 -0.0283825 -9.62062e-21)             (0.998071 -5.64211e-05 6.61282e-24)
         0.21             (0.693245 -0.0287906 -9.61244e-21)             (0.998056 -5.64434e-05 5.64005e-24)
         0.22             (0.689376 -0.0292082 -9.59511e-21)             (0.998042 -5.64644e-05 4.73094e-24)
         0.23             (0.685461 -0.0296355 -9.56944e-21)             (0.998028 -5.64813e-05 3.88573e-24)
         0.24             (0.681497 -0.0300725 -9.53601e-21)             (0.998015 -5.64969e-05 3.09825e-24)
         0.25             (0.677481 -0.0305193 -9.49748e-21)             (0.998001 -5.65127e-05 2.29365e-24)
         0.26             (0.673411 -0.0309761 -9.44932e-21)             (0.997989 -5.65301e-05 1.60857e-24)
         0.27             (0.669283 -0.0314429 -9.39505e-21)             (0.997976 -5.6547e-05 9.65891e-25)
         0.28             (0.665095 -0.0319199 -9.33494e-21)             (0.997964 -5.65656e-05 3.67937e-25)
         0.29             (0.660845 -0.0324069 -9.26933e-21)             (0.997952 -5.65864e-05 -1.91154e-25)
          0.3             (0.65653 -0.0329038 -9.19852e-21)             (0.99794 -5.66099e-05 -7.14578e-25)
         0.31             (0.652148 -0.0334106 -9.12275e-21)             (0.997928 -5.66365e-05 -1.20505e-24)
         0.32             (0.647697 -0.0339271 -9.04223e-21)             (0.997916 -5.66666e-05 -1.66504e-24)
         0.33             (0.643175 -0.034453 -8.9571e-21)             (0.997905 -5.67006e-05 -2.09679e-24)
         0.34             (0.63858 -0.0349881 -8.86752e-21)             (0.997894 -5.67387e-05 -2.5023e-24)
         0.35             (0.633911 -0.0355322 -8.77355e-21)             (0.997882 -5.67797e-05 -2.87854e-24)
         0.36             (0.629166 -0.0360849 -8.67547e-21)             (0.997871 -5.68281e-05 -3.24954e-24)
         0.37             (0.624344 -0.0366458 -8.57298e-21)             (0.99786 -5.68801e-05 -3.58082e-24)
         0.38             (0.619444 -0.0372145 -8.46642e-21)             (0.99785 -5.69368e-05 -3.8998e-24)
         0.39             (0.614466 -0.0377907 -8.35634e-21)             (0.997839 -5.69976e-05 -4.17042e-24)
          0.4             (0.609407 -0.0383739 -8.24156e-21)             (0.997828 -5.70654e-05 -4.44949e-24)
         0.41             (0.604269 -0.0389635 -8.12267e-21)             (0.997818 -5.71383e-05 -4.71947e-24)
         0.42             (0.599049 -0.0395589 -7.99963e-21)             (0.997807 -5.72164e-05 -4.97363e-24)
         0.43             (0.593749 -0.0401596 -7.87242e-21)             (0.997797 -5.73002e-05 -5.21351e-24)
         0.44             (0.588368 -0.040765 -7.74178e-21)             (0.997786 -5.73897e-05 -5.42633e-24)
         0.45             (0.582906 -0.0413744 -7.6062e-21)             (0.997776 -5.74832e-05 -5.63214e-24)
         0.46             (0.577364 -0.0419874 -7.46621e-21)             (0.997765 -5.75826e-05 -5.83638e-24)
         0.47             (0.571742 -0.0426031 -7.3219e-21)             (0.997755 -5.76875e-05 -6.03049e-24)
         0.48             (0.566041 -0.043221 -7.17324e-21)             (0.997745 -5.77964e-05 -6.21286e-24)
         0.49             (0.560261 -0.0438405 -7.02016e-21)             (0.997734 -5.79108e-05 -6.39249e-24)
          0.5             (0.554404 -0.0444608 -6.86286e-21)             (0.997724 -5.80303e-05 -6.55115e-24)
         0.51             (0.548471 -0.0450814 -6.70086e-21)             (0.997714 -5.81568e-05 -6.71168e-24)
         0.52             (0.542463 -0.0457015 -6.5344e-21)             (0.997703 -5.82836e-05 -6.86677e-24)
         0.53             (0.536381 -0.0463204 -6.36379e-21)             (0.997693 -5.84171e-05 -7.02698e-24)
         0.54             (0.530227 -0.0469375 -6.18822e-21)             (0.997683 -5.85566e-05 -7.15751e-24)
         0.55             (0.524002 -0.0475521 -6.00806e-21)             (0.997672 -5.87011e-05 -7.29207e-24)
         0.56             (0.517709 -0.0481636 -5.82332e-21)             (0.997662 -5.88504e-05 -7.42086e-24)
         0.57             (0.511349 -0.0487713 -5.63399e-21)             (0.997652 -5.90043e-05 -7.54419e-24)
         0.58             (0.504925 -0.0493746 -5.44007e-21)             (0.997641 -5.91674e-05 -7.66383e-24)
         0.59             (0.498438 -0.0499729 -5.24186e-21)             (0.997631 -5.93271e-05 -7.77605e-24)
          0.6             (0.49189 -0.0505656 -5.03889e-21)             (0.99762 -5.94982e-05 -7.89295e-24)
         0.61             (0.485284 -0.0511521 -4.83132e-21)             (0.99761 -5.96693e-05 -7.99547e-24)
         0.62             (0.478622 -0.0517318 -4.61925e-21)             (0.997599 -5.98498e-05 -8.0952e-24)
         0.63             (0.471906 -0.0523042 -4.40275e-21)             (0.997589 -6.00396e-05 -8.19181e-24)
         0.64             (0.46514 -0.0528687 -4.18184e-21)             (0.997578 -6.02274e-05 -8.2824e-24)
         0.65             (0.458325 -0.0534249 -3.95661e-21)             (0.997568 -6.042e-05 -8.37056e-24)
         0.66             (0.451464 -0.0539723 -3.72711e-21)             (0.997557 -6.0617e-05 -8.45513e-24)
         0.67             (0.444559 -0.0545104 -3.49342e-21)             (0.997547 -6.08183e-05 -8.53628e-24)
         0.68             (0.437613 -0.0550387 -3.25563e-21)             (0.997536 -6.10232e-05 -8.61417e-24)
         0.69             (0.430629 -0.055557 -3.0142e-21)             (0.997525 -6.12335e-05 -8.69793e-24)
          0.7             (0.423609 -0.0560647 -2.76845e-21)             (0.997514 -6.14472e-05 -8.76959e-24)
         0.71             (0.416556 -0.0565616 -2.51891e-21)             (0.997504 -6.16666e-05 -8.83895e-24)
         0.72             (0.409472 -0.0570472 -2.26565e-21)             (0.997493 -6.18952e-05 -8.90533e-24)
         0.73             (0.40236 -0.0575213 -2.0088e-21)             (0.997482 -6.21231e-05 -8.96879e-24)
         0.74             (0.395223 -0.0579835 -1.74847e-21)             (0.997471 -6.2355e-05 -9.03001e-24)
         0.75             (0.388063 -0.0584337 -1.48479e-21)             (0.99746 -6.25908e-05 -9.08873e-24)
         0.76             (0.380883 -0.0588714 -1.21788e-21)             (0.997449 -6.28302e-05 -9.14507e-24)
         0.77             (0.373685 -0.0592966 -9.47883e-22)             (0.997438 -6.30728e-05 -9.19911e-24)
         0.78             (0.366471 -0.059709 -6.74926e-22)             (0.997426 -6.3321e-05 -9.25094e-24)
         0.79             (0.359245 -0.0601083 -3.9915e-22)             (0.997415 -6.35745e-05 -9.30063e-24)
          0.8             (0.352009 -0.0604946 -1.20698e-22)             (0.997404 -6.38313e-05 -9.34823e-24)
         0.81             (0.344764 -0.0608675 1.60287e-22)             (0.997392 -6.40917e-05 -9.39384e-24)
         0.82             (0.337514 -0.061227 4.43658e-22)             (0.997381 -6.43558e-05 -9.43751e-24)
         0.83             (0.330261 -0.0615729 7.29267e-22)             (0.997369 -6.46238e-05 -9.4793e-24)
         0.84             (0.323006 -0.0619052 1.01696e-21)             (0.997358 -6.48955e-05 -9.51926e-24)
         0.85             (0.315753 -0.0622237 1.3066e-21)             (0.997346 -6.51712e-05 -9.55743e-24)
         0.86             (0.308503 -0.0625285 1.59802e-21)             (0.997334 -6.54506e-05 -9.59386e-24)
         0.87             (0.301258 -0.0628194 1.89107e-21)             (0.997323 -6.57339e-05 -9.62858e-24)
         0.88             (0.294022 -0.0630965 2.1856e-21)             (0.997311 -6.6021e-05 -9.66165e-24)
         0.89             (0.286794 -0.0633597 2.48147e-21)             (0.997299 -6.6312e-05 -9.69309e-24)
          0.9             (0.279579 -0.0636089 2.77851e-21)             (0.997287 -6.6607e-05 -9.72293e-24)
         0.91             (0.272377 -0.0638443 3.07657e-21)             (0.997275 -6.69061e-05 -9.75121e-24)
         0.92             (0.26519 -0.0640658 3.37552e-21)             (0.997262 -6.72093e-05 -9.77795e-24)
         0.93             (0.258021 -0.0642735 3.67519e-21)             (0.99725 -6.75163e-05 -9.80319e-24)
         0.94             (0.250871 -0.0644674 3.97543e-21)             (0.997238 -6.78272e-05 -9.82695e-24)
         0.95             (0.243742 -0.0646475 4.2761e-21)             (0.997225 -6.81419e-05 -9.84925e-24)
         0.96             (0.236635 -0.0648139 4.57706e-21)             (0.997213 -6.84604e-05 -9.8701e-24)
         0.97             (0.229553 -0.0649667 4.87814e-21)             (0.9972 -6.87828e-05 -9.88954e-24)
         0.98             (0.222497 -0.0651059 5.17922e-21)             (0.997188 -6.91091e-05 -9.90757e-24)
         0.99             (0.215468 -0.0652317 5.48015e-21)             (0.997175 -6.94393e-05 -9.92422e-24)
            1             (0.208468 -0.0653441 5.78078e-21)             (0.997162 -6.97696e-05 -9.93845e-24)
         1.01             (0.201499 -0.0654432 6.08099e-21)             (0.997149 -7.01082e-05 -9.95343e-24)
         1.02             (0.194562 -0.0655291 6.38063e-21)             (0.997136 -7.04508e-05 -9.9661e-24)
         1.03             (0.187659 -0.065602 6.67957e-21)             (0.997123 -7.07972e-05 -9.97747e-24)
         1.04             (0.18079 -0.0656619 6.97768e-21)             (0.997109 -7.11475e-05 -9.98757e-24)
         1.05             (0.173958 -0.065709 7.27482e-21)             (0.997096 -7.15018e-05 -9.99644e-24)
         1.06             (0.167163 -0.0657434 7.57088e-21)             (0.997083 -7.18603e-05 -1.00041e-23)
         1.07             (0.160406 -0.0657653 7.86573e-21)             (0.997069 -7.2223e-05 -1.00107e-23)
         1.08             (0.15369 -0.0657747 8.15924e-21)             (0.997055 -7.259e-05 -1.00162e-23)
         1.09             (0.147015 -0.0657718 8.45114e-21)             (0.997042 -7.29635e-05 -1.003e-23)
          1.1             (0.140382 -0.0657568 8.74221e-21)             (0.997028 -7.334e-05 -1.0002e-23)
         1.11             (0.133792 -0.0657298 9.03046e-21)             (0.997014 -7.37161e-05 -1.00357e-23)
         1.12             (0.127247 -0.065691 9.31769e-21)             (0.997 -7.41e-05 -1.00266e-23)
         1.13             (0.120747 -0.0656405 9.60284e-21)             (0.996985 -7.44882e-05 -1.00269e-23)
         1.14             (0.114294 -0.0655785 9.886e-21)             (0.996971 -7.48807e-05 -1.00261e-23)
         1.15             (0.107888 -0.0655052 1.01671e-20)             (0.996956 -7.52775e-05 -1.00246e-23)
         1.16             (0.101531 -0.0654206 1.0446e-20)             (0.996942 -7.56789e-05 -1.00222e-23)
         1.17             (0.0952232 -0.0653251 1.07226e-20)             (0.996927 -7.60897e-05 -1.00189e-23)
         1.18             (0.0889654 -0.0652187 1.09969e-20)             (0.996912 -7.64995e-05 -1.00153e-23)
         1.19             (0.0827586 -0.0651016 1.12687e-20)             (0.996897 -7.69139e-05 -1.00109e-23)
          1.2             (0.0766035 -0.064974 1.1538e-20)             (0.996882 -7.73327e-05 -1.0006e-23)
         1.21             (0.070501 -0.0648362 1.18047e-20)             (0.996867 -7.77515e-05 -1.00034e-23)
         1.22             (0.0644519 -0.0646882 1.20687e-20)             (0.996852 -7.81798e-05 -9.99481e-24)
         1.23             (0.0584567 -0.0645302 1.23301e-20)             (0.996836 -7.86177e-05 -9.98948e-24)
         1.24             (0.0525162 -0.0643625 1.25886e-20)             (0.996821 -7.90548e-05 -9.98292e-24)
         1.25             (0.046631 -0.0641852 1.28443e-20)             (0.996805 -7.94965e-05 -9.97595e-24)
         1.26             (0.0408017 -0.0639985 1.30971e-20)             (0.996789 -7.99389e-05 -9.9628e-24)
         1.27             (0.0350289 -0.0638026 1.33468e-20)             (0.996773 -8.03902e-05 -9.95828e-24)
         1.28             (0.0293132 -0.0635977 1.35937e-20)             (0.996757 -8.08499e-05 -9.95376e-24)
         1.29             (0.0236551 -0.063384 1.38376e-20)             (0.996741 -8.13109e-05 -9.9442e-24)
          1.3             (0.018055 -0.0631616 1.40783e-20)             (0.996725 -8.17767e-05 -9.93659e-24)
         1.31             (0.0125134 -0.0629308 1.43159e-20)             (0.996708 -8.22409e-05 -9.92826e-24)
         1.32             (0.00703083 -0.0626918 1.45504e-20)             (0.996691 -8.27214e-05 -9.91685e-24)
         1.33             (0.00160761 -0.0624447 1.47818e-20)             (0.996675 -8.32016e-05 -9.9137e-24)
         1.34             (-0.00375587 -0.0621898 1.501e-20)             (0.996658 -8.36867e-05 -9.90673e-24)
         1.35             (-0.00905926 -0.0619272 1.5235e-20)             (0.996641 -8.41767e-05 -9.90012e-24)
         1.36             (-0.0143022 -0.0616571 1.54568e-20)             (0.996623 -8.46716e-05 -9.89389e-24)
         1.37             (-0.0194845 -0.0613798 1.56754e-20)             (0.996606 -8.51715e-05 -9.88811e-24)
         1.38             (-0.0246058 -0.0610954 1.58908e-20)             (0.996588 -8.56713e-05 -9.88294e-24)
         1.39             (-0.0296659 -0.0608042 1.6103e-20)             (0.996571 -8.61811e-05 -9.87823e-24)
          1.4             (-0.0346646 -0.0605062 1.6312e-20)             (0.996553 -8.66959e-05 -9.87414e-24)
         1.41             (-0.0396016 -0.0602018 1.65178e-20)             (0.996535 -8.72159e-05 -9.87075e-24)
         1.42             (-0.0444769 -0.0598911 1.67204e-20)             (0.996517 -8.77409e-05 -9.86811e-24)
         1.43             (-0.0492903 -0.0595744 1.69198e-20)             (0.996499 -8.82711e-05 -9.86627e-24)
         1.44             (-0.0540417 -0.0592517 1.7116e-20)             (0.99648 -8.88064e-05 -9.86529e-24)
         1.45             (-0.058731 -0.0589233 1.73091e-20)             (0.996462 -8.93469e-05 -9.86523e-24)
         1.46             (-0.0633581 -0.0585895 1.74991e-20)             (0.996443 -8.98927e-05 -9.86613e-24)
         1.47             (-0.067923 -0.0582503 1.7686e-20)             (0.996424 -9.04436e-05 -9.86806e-24)
         1.48             (-0.0724258 -0.057906 1.78698e-20)             (0.996405 -9.09999e-05 -9.87106e-24)
         1.49             (-0.0768663 -0.0575568 1.80505e-20)             (0.996386 -9.15615e-05 -9.87519e-24)
          1.5             (-0.0812447 -0.0572028 1.82282e-20)             (0.996367 -9.21284e-05 -9.8805e-24)
         1.51             (-0.085561 -0.0568443 1.84029e-20)             (0.996347 -9.27007e-05 -9.88705e-24)
         1.52             (-0.0898153 -0.0564814 1.85747e-20)             (0.996328 -9.32785e-05 -9.89488e-24)
         1.53             (-0.0940078 -0.0561144 1.87435e-20)             (0.996308 -9.38624e-05 -9.90408e-24)
         1.54             (-0.0981384 -0.0557433 1.89095e-20)             (0.996288 -9.44528e-05 -9.91484e-24)
         1.55             (-0.102207 -0.0553685 1.90725e-20)             (0.996268 -9.50465e-05 -9.92976e-24)
         1.56             (-0.106215 -0.05499 1.92328e-20)             (0.996248 -9.56461e-05 -9.93636e-24)
         1.57             (-0.110161 -0.054608 1.93903e-20)             (0.996227 -9.62513e-05 -9.95149e-24)
         1.58             (-0.114046 -0.0542228 1.9545e-20)             (0.996207 -9.68618e-05 -9.9682e-24)
         1.59             (-0.117871 -0.0538345 1.9697e-20)             (0.996186 -9.74779e-05 -9.98651e-24)
          1.6             (-0.121635 -0.0534432 1.98464e-20)             (0.996165 -9.80994e-05 -1.00065e-23)
         1.61             (-0.125338 -0.0530492 1.99932e-20)             (0.996144 -9.87264e-05 -1.00281e-23)
         1.62             (-0.128982 -0.0526525 2.01374e-20)             (0.996123 -9.93587e-05 -1.00514e-23)
         1.63             (-0.132565 -0.0522535 2.02791e-20)             (0.996102 -9.99962e-05 -1.00765e-23)
         1.64             (-0.13609 -0.0518521 2.04184e-20)             (0.99608 -0.000100643 -1.01035e-23)
         1.65             (-0.139555 -0.0514487 2.05551e-20)             (0.996059 -0.000101295 -1.01322e-23)
         1.66             (-0.142961 -0.0510433 2.06896e-20)             (0.996037 -0.000101948 -1.01623e-23)
         1.67             (-0.146309 -0.0506361 2.08216e-20)             (0.996015 -0.000102609 -1.01953e-23)
         1.68             (-0.149599 -0.0502272 2.09514e-20)             (0.995993 -0.000103276 -1.02296e-23)
         1.69             (-0.152832 -0.0498168 2.10789e-20)             (0.995971 -0.000103949 -1.02659e-23)
          1.7             (-0.156007 -0.0494051 2.12042e-20)             (0.995948 -0.000104628 -1.03043e-23)
         1.71             (-0.159126 -0.0489922 2.13274e-20)             (0.995925 -0.000105312 -1.03446e-23)
         1.72             (-0.162188 -0.0485781 2.14485e-20)             (0.995903 -0.000106002 -1.03869e-23)
         1.73             (-0.165194 -0.0481632 2.15675e-20)             (0.99588 -0.000106699 -1.04313e-23)
         1.74             (-0.168145 -0.0477474 2.16845e-20)             (0.995857 -0.000107401 -1.04778e-23)
         1.75             (-0.17104 -0.047331 2.17995e-20)             (0.995833 -0.000108108 -1.05264e-23)
         1.76             (-0.173881 -0.046914 2.19126e-20)             (0.99581 -0.000108822 -1.05772e-23)
         1.77             (-0.176669 -0.0464965 2.20238e-20)             (0.995786 -0.000109542 -1.063e-23)
         1.78             (-0.179402 -0.0460788 2.21332e-20)             (0.995763 -0.000110268 -1.06851e-23)
         1.79             (-0.182082 -0.0456609 2.22408e-20)             (0.995739 -0.000111 -1.07424e-23)
          1.8             (-0.18471 -0.0452429 2.23466e-20)             (0.995715 -0.000111738 -1.08018e-23)
         1.81             (-0.187286 -0.044825 2.24507e-20)             (0.99569 -0.000112482 -1.08635e-23)
         1.82             (-0.18981 -0.0444071 2.25532e-20)             (0.995666 -0.000113232 -1.09275e-23)
         1.83             (-0.192283 -0.0439896 2.26541e-20)             (0.995641 -0.000113989 -1.09937e-23)
         1.84             (-0.194706 -0.0435724 2.27534e-20)             (0.995617 -0.000114751 -1.10622e-23)
         1.85             (-0.197079 -0.0431556 2.28511e-20)             (0.995592 -0.00011552 -1.1133e-23)
         1.86             (-0.199402 -0.0427394 2.29474e-20)             (0.995567 -0.000116295 -1.1206e-23)
         1.87             (-0.201676 -0.0423238 2.30422e-20)             (0.995541 -0.000117077 -1.12814e-23)
         1.88             (-0.203902 -0.041909 2.31355e-20)             (0.995516 -0.000117865 -1.13591e-23)
         1.89             (-0.20608 -0.041495 2.32275e-20)             (0.99549 -0.000118659 -1.14392e-23)
          1.9             (-0.208211 -0.0410818 2.33182e-20)             (0.995465 -0.00011946 -1.15216e-23)
         1.91             (-0.210295 -0.0406697 2.34075e-20)             (0.995439 -0.000120267 -1.16063e-23)
         1.92             (-0.212333 -0.0402586 2.34956e-20)             (0.995413 -0.000121081 -1.16934e-23)
         1.93             (-0.214326 -0.0398487 2.35825e-20)             (0.995386 -0.000121901 -1.17828e-23)
         1.94             (-0.216273 -0.0394399 2.36681e-20)             (0.99536 -0.000122728 -1.18745e-23)
         1.95             (-0.218176 -0.0390325 2.37525e-20)             (0.995333 -0.000123562 -1.19686e-23)
         1.96             (-0.220035 -0.0386264 2.38359e-20)             (0.995307 -0.000124402 -1.20651e-23)
         1.97             (-0.22185 -0.0382217 2.39181e-20)             (0.99528 -0.000125249 -1.21639e-23)
         1.98             (-0.223623 -0.0378185 2.39992e-20)             (0.995253 -0.000126103 -1.2265e-23)
         1.99             (-0.225353 -0.0374168 2.40793e-20)             (0.995225 -0.000126963 -1.23685e-23)
            2             (-0.227042 -0.0370167 2.41581e-20)             (0.995198 -0.000127831 -1.24714e-23)
         2.01             (-0.22869 -0.0366182 2.42362e-20)             (0.99517 -0.000128704 -1.25791e-23)
         2.02             (-0.230296 -0.0362215 2.43133e-20)             (0.995142 -0.000129584 -1.26896e-23)
         2.03             (-0.231863 -0.0358265 2.43894e-20)             (0.995115 -0.000130477 -1.28026e-23)
         2.04             (-0.23339 -0.0354333 2.44646e-20)             (0.995086 -0.00013137 -1.29175e-23)
         2.05             (-0.234879 -0.0350419 2.45389e-20)             (0.995058 -0.00013227 -1.30349e-23)
         2.06             (-0.236329 -0.0346524 2.46123e-20)             (0.99503 -0.000133181 -1.31547e-23)
         2.07             (-0.237741 -0.0342648 2.46849e-20)             (0.995001 -0.000134098 -1.32766e-23)
         2.08             (-0.239115 -0.0338792 2.47566e-20)             (0.994972 -0.000135022 -1.34009e-23)
         2.09             (-0.240453 -0.0334955 2.48275e-20)             (0.994943 -0.000135953 -1.35274e-23)
          2.1             (-0.241754 -0.0331139 2.48976e-20)             (0.994914 -0.000136891 -1.3656e-23)
         2.11             (-0.24302 -0.0327344 2.4967e-20)             (0.994885 -0.000137839 -1.3787e-23)
         2.12             (-0.24425 -0.0323569 2.50355e-20)             (0.994855 -0.00013879 -1.39199e-23)
         2.13             (-0.245446 -0.0319816 2.51034e-20)             (0.994825 -0.000139751 -1.40552e-23)
         2.14             (-0.246608 -0.0316084 2.51704e-20)             (0.994796 -0.00014072 -1.41926e-23)
         2.15             (-0.247735 -0.0312374 2.52368e-20)             (0.994766 -0.000141697 -1.4332e-23)
         2.16             (-0.24883 -0.0308685 2.53025e-20)             (0.994735 -0.000142682 -1.44736e-23)
         2.17             (-0.249892 -0.0305019 2.53675e-20)             (0.994705 -0.000143676 -1.46167e-23)
         2.18             (-0.250922 -0.0301376 2.54318e-20)             (0.994674 -0.000144675 -1.47616e-23)
         2.19             (-0.25192 -0.0297755 2.54954e-20)             (0.994643 -0.000145684 -1.49105e-23)
          2.2             (-0.252886 -0.0294157 2.55584e-20)             (0.994612 -0.000146701 -1.50603e-23)
         2.21             (-0.253823 -0.0290582 2.56208e-20)             (0.994581 -0.000147726 -1.5212e-23)
         2.22             (-0.254728 -0.028703 2.56826e-20)             (0.99455 -0.00014876 -1.53656e-23)
         2.23             (-0.255604 -0.0283501 2.57437e-20)             (0.994518 -0.000149801 -1.55212e-23)
         2.24             (-0.256451 -0.0279996 2.58042e-20)             (0.994487 -0.000150852 -1.56787e-23)
         2.25             (-0.257269 -0.0276514 2.58642e-20)             (0.994455 -0.000151911 -1.58381e-23)
         2.26             (-0.258059 -0.0273056 2.59235e-20)             (0.994423 -0.000152978 -1.59929e-23)
         2.27             (-0.258821 -0.0269622 2.59823e-20)             (0.99439 -0.000154054 -1.61585e-23)
         2.28             (-0.259555 -0.0266211 2.60405e-20)             (0.994358 -0.000155139 -1.63235e-23)
         2.29             (-0.260263 -0.0262825 2.60982e-20)             (0.994325 -0.000156234 -1.64902e-23)
          2.3             (-0.260944 -0.0259463 2.61554e-20)             (0.994292 -0.000157337 -1.66588e-23)
         2.31             (-0.261598 -0.0256125 2.6212e-20)             (0.994259 -0.000158451 -1.68278e-23)
         2.32             (-0.262228 -0.0252811 2.62681e-20)             (0.994226 -0.000159572 -1.70011e-23)
         2.33             (-0.262832 -0.0249521 2.63237e-20)             (0.994193 -0.000160703 -1.71748e-23)
         2.34             (-0.263411 -0.0246256 2.63788e-20)             (0.994159 -0.00016184 -1.73493e-23)
         2.35             (-0.263966 -0.0243014 2.64334e-20)             (0.994125 -0.00016299 -1.75273e-23)
         2.36             (-0.264497 -0.0239798 2.64875e-20)             (0.994091 -0.000164149 -1.77059e-23)
         2.37             (-0.265005 -0.0236605 2.65412e-20)             (0.994057 -0.000165317 -1.78862e-23)
         2.38             (-0.265489 -0.0233437 2.65943e-20)             (0.994022 -0.000166495 -1.8068e-23)
         2.39             (-0.265951 -0.0230294 2.6647e-20)             (0.993987 -0.000167685 -1.8248e-23)
          2.4             (-0.266391 -0.0227175 2.66992e-20)             (0.993952 -0.000168883 -1.84329e-23)
         2.41             (-0.266809 -0.022408 2.6751e-20)             (0.993917 -0.000170092 -1.86194e-23)
         2.42             (-0.267206 -0.022101 2.68024e-20)             (0.993882 -0.00017131 -1.88074e-23)
         2.43             (-0.267582 -0.0217964 2.68533e-20)             (0.993846 -0.000172539 -1.89969e-23)
         2.44             (-0.267937 -0.0214943 2.69038e-20)             (0.993811 -0.000173778 -1.91879e-23)
         2.45             (-0.268272 -0.0211946 2.69539e-20)             (0.993775 -0.000175028 -1.93802e-23)
         2.46             (-0.268587 -0.0208974 2.70035e-20)             (0.993738 -0.000176288 -1.9574e-23)
         2.47             (-0.268882 -0.0206025 2.70527e-20)             (0.993702 -0.000177559 -1.97706e-23)
         2.48             (-0.269159 -0.0203102 2.71016e-20)             (0.993665 -0.00017884 -1.99657e-23)
         2.49             (-0.269417 -0.0200202 2.715e-20)             (0.993628 -0.000180133 -2.01635e-23)
          2.5             (-0.269657 -0.0197327 2.71981e-20)             (0.993591 -0.000181437 -2.03627e-23)
         2.51             (-0.269879 -0.0194476 2.72457e-20)             (0.993554 -0.000182752 -2.05632e-23)
         2.52             (-0.270083 -0.0191649 2.7293e-20)             (0.993516 -0.000184079 -2.07702e-23)
         2.53             (-0.27027 -0.0188846 2.73399e-20)             (0.993478 -0.000185416 -2.09675e-23)
         2.54             (-0.270441 -0.0186067 2.73864e-20)             (0.99344 -0.000186766 -2.11717e-23)
         2.55             (-0.270595 -0.0183312 2.74326e-20)             (0.993402 -0.000188126 -2.13772e-23)
         2.56             (-0.270733 -0.0180581 2.74784e-20)             (0.993363 -0.000189497 -2.15838e-23)
         2.57             (-0.270855 -0.0177874 2.75244e-20)             (0.993325 -0.000190885 -2.17569e-23)
         2.58             (-0.270962 -0.0175191 2.75682e-20)             (0.993285 -0.000192278 -2.20368e-23)
         2.59             (-0.271054 -0.0172531 2.76131e-20)             (0.993246 -0.000193684 -2.22297e-23)
          2.6             (-0.271131 -0.0169895 2.76583e-20)             (0.993207 -0.000195107 -2.24061e-23)
         2.61             (-0.271194 -0.0167283 2.77017e-20)             (0.993167 -0.000196539 -2.26462e-23)
         2.62             (-0.271243 -0.0164694 2.77459e-20)             (0.993127 -0.000197986 -2.28364e-23)
         2.63             (-0.271278 -0.0162128 2.77889e-20)             (0.993086 -0.000199446 -2.30555e-23)
         2.64             (-0.2713 -0.0159586 2.78319e-20)             (0.993046 -0.000200917 -2.32762e-23)
         2.65             (-0.271309 -0.0157067 2.78745e-20)             (0.993005 -0.000202401 -2.34933e-23)
         2.66             (-0.271306 -0.0154571 2.79168e-20)             (0.992964 -0.000203898 -2.37108e-23)
         2.67             (-0.271289 -0.0152098 2.79588e-20)             (0.992922 -0.000205409 -2.39294e-23)
         2.68             (-0.271261 -0.0149648 2.80004e-20)             (0.99288 -0.000206932 -2.4149e-23)
         2.69             (-0.271222 -0.0147221 2.80418e-20)             (0.992838 -0.000208469 -2.43696e-23)
          2.7             (-0.27117 -0.0144816 2.80828e-20)             (0.992796 -0.00021002 -2.45911e-23)
         2.71             (-0.271108 -0.0142434 2.81234e-20)             (0.992754 -0.000211584 -2.48135e-23)
         2.72             (-0.271035 -0.0140075 2.81638e-20)             (0.992711 -0.000213163 -2.50369e-23)
         2.73             (-0.270951 -0.0137738 2.82038e-20)             (0.992668 -0.000214755 -2.52623e-23)
         2.74             (-0.270857 -0.0135423 2.82435e-20)             (0.992624 -0.000216362 -2.54861e-23)
         2.75             (-0.270753 -0.0133131 2.82828e-20)             (0.99258 -0.000217983 -2.57121e-23)
         2.76             (-0.270639 -0.013086 2.83218e-20)             (0.992536 -0.000219615 -2.59357e-23)
         2.77             (-0.270516 -0.0128611 2.83605e-20)             (0.992492 -0.000221269 -2.61654e-23)
         2.78             (-0.270383 -0.0126384 2.83989e-20)             (0.992447 -0.000222935 -2.63945e-23)
         2.79             (-0.270242 -0.0124179 2.8437e-20)             (0.992402 -0.000224615 -2.66238e-23)
          2.8             (-0.270092 -0.0121995 2.84747e-20)             (0.992357 -0.000226309 -2.68539e-23)
         2.81             (-0.269934 -0.0119833 2.85121e-20)             (0.992311 -0.000228019 -2.70847e-23)
         2.82             (-0.269768 -0.0117692 2.85492e-20)             (0.992266 -0.000229744 -2.73163e-23)
         2.83             (-0.269594 -0.0115572 2.8586e-20)             (0.992219 -0.000231484 -2.75485e-23)
         2.84             (-0.269412 -0.0113473 2.86224e-20)             (0.992173 -0.00023324 -2.77815e-23)
         2.85             (-0.269223 -0.0111395 2.86585e-20)             (0.992126 -0.000235011 -2.80152e-23)
         2.86             (-0.269026 -0.0109338 2.86943e-20)             (0.992079 -0.000236795 -2.82495e-23)
         2.87             (-0.268823 -0.0107301 2.87297e-20)             (0.992031 -0.000238599 -2.84846e-23)
         2.88             (-0.268613 -0.0105285 2.87649e-20)             (0.991983 -0.000240419 -2.87203e-23)
         2.89             (-0.268397 -0.0103289 2.87996e-20)             (0.991935 -0.000242255 -2.89566e-23)
          2.9             (-0.268174 -0.0101313 2.88341e-20)             (0.991886 -0.000244108 -2.91935e-23)
         2.91             (-0.267945 -0.00993579 2.88682e-20)             (0.991837 -0.000245977 -2.9431e-23)
         2.92             (-0.267711 -0.00974222 2.8902e-20)             (0.991788 -0.000247863 -2.96691e-23)
         2.93             (-0.267471 -0.00955062 2.89354e-20)             (0.991738 -0.000249766 -2.99078e-23)
         2.94             (-0.267225 -0.00936099 2.89685e-20)             (0.991688 -0.000251686 -3.01471e-23)
         2.95             (-0.266974 -0.0091733 2.90013e-20)             (0.991638 -0.000253623 -3.03869e-23)
         2.96             (-0.266718 -0.00898755 2.90337e-20)             (0.991587 -0.000255578 -3.06272e-23)
         2.97             (-0.266457 -0.00880371 2.90657e-20)             (0.991536 -0.00025755 -3.0868e-23)
         2.98             (-0.266192 -0.00862178 2.90974e-20)             (0.991484 -0.00025954 -3.11094e-23)
         2.99             (-0.265922 -0.00844174 2.91288e-20)             (0.991432 -0.000261548 -3.13512e-23)
            3             (-0.265647 -0.00826357 2.91598e-20)             (0.99138 -0.000263575 -3.1594e-23)
         3.01             (-0.265369 -0.00808726 2.91904e-20)             (0.991327 -0.000265617 -3.1837e-23)
         3.02             (-0.265086 -0.00791279 2.92207e-20)             (0.991274 -0.000267679 -3.20795e-23)
         3.03             (-0.2648 -0.00774015 2.92506e-20)             (0.99122 -0.00026976 -3.23233e-23)
         3.04             (-0.264509 -0.00756932 2.92802e-20)             (0.991166 -0.000271863 -3.25685e-23)
         3.05             (-0.264216 -0.0074003 2.93094e-20)             (0.991112 -0.000273977 -3.28128e-23)
         3.06             (-0.263918 -0.00723306 2.93383e-20)             (0.991057 -0.000276114 -3.30568e-23)
         3.07             (-0.263618 -0.00706758 2.93667e-20)             (0.991002 -0.00027827 -3.33022e-23)
         3.08             (-0.263314 -0.00690386 2.93949e-20)             (0.990946 -0.000280445 -3.3548e-23)
         3.09             (-0.263008 -0.00674188 2.94226e-20)             (0.99089 -0.00028264 -3.37941e-23)
          3.1             (-0.262698 -0.00658163 2.945e-20)             (0.990834 -0.000284855 -3.40406e-23)
         3.11             (-0.262386 -0.00642308 2.9477e-20)             (0.990777 -0.000287089 -3.42875e-23)
         3.12             (-0.262071 -0.00626622 2.95037e-20)             (0.990719 -0.000289343 -3.45347e-23)
         3.13             (-0.261754 -0.00611105 2.95299e-20)             (0.990661 -0.000291618 -3.47822e-23)
         3.14             (-0.261434 -0.00595754 2.95558e-20)             (0.990603 -0.000293912 -3.50301e-23)
         3.15             (-0.261112 -0.00580567 2.95814e-20)             (0.990544 -0.000296227 -3.52783e-23)
         3.16             (-0.260788 -0.00565545 2.96065e-20)             (0.990485 -0.000298562 -3.55269e-23)
         3.17             (-0.260461 -0.00550684 2.96313e-20)             (0.990425 -0.000300923 -3.57765e-23)
         3.18             (-0.260133 -0.00535984 2.96557e-20)             (0.990365 -0.0003033 -3.60249e-23)
         3.19             (-0.259803 -0.00521442 2.96798e-20)             (0.990304 -0.000305698 -3.62743e-23)
          3.2             (-0.259471 -0.00507058 2.97034e-20)             (0.990243 -0.000308117 -3.65241e-23)
         3.21             (-0.259138 -0.00492831 2.97267e-20)             (0.990182 -0.000310557 -3.67741e-23)
         3.22             (-0.258802 -0.00478757 2.97496e-20)             (0.990119 -0.000313019 -3.70244e-23)
         3.23             (-0.258466 -0.00464838 2.97722e-20)             (0.990057 -0.000315503 -3.7275e-23)
         3.24             (-0.258128 -0.00451069 2.97943e-20)             (0.989994 -0.000318008 -3.75259e-23)
         3.25             (-0.257788 -0.00437451 2.98161e-20)             (0.98993 -0.000320535 -3.7777e-23)
         3.26             (-0.257447 -0.00423982 2.98375e-20)             (0.989866 -0.000323084 -3.80284e-23)
         3.27             (-0.257105 -0.00410661 2.98586e-20)             (0.989801 -0.000325656 -3.828e-23)
         3.28             (-0.256762 -0.00397485 2.98793e-20)             (0.989736 -0.00032825 -3.85319e-23)
         3.29             (-0.256418 -0.00384455 2.98996e-20)             (0.98967 -0.000330867 -3.8784e-23)
          3.3             (-0.256073 -0.00371567 2.99195e-20)             (0.989604 -0.000333506 -3.90364e-23)
         3.31             (-0.255727 -0.00358821 2.9939e-20)             (0.989537 -0.000336168 -3.9289e-23)
         3.32             (-0.25538 -0.00346216 2.99582e-20)             (0.98947 -0.000338853 -3.95418e-23)
         3.33             (-0.255033 -0.0033375 2.99771e-20)             (0.989402 -0.000341562 -3.97949e-23)
         3.34             (-0.254684 -0.00321422 2.99955e-20)             (0.989333 -0.000344293 -4.00482e-23)
         3.35             (-0.254335 -0.0030923 3.00136e-20)             (0.989264 -0.000347048 -4.03017e-23)
         3.36             (-0.253986 -0.00297174 3.00313e-20)             (0.989194 -0.000349827 -4.05555e-23)
         3.37             (-0.253636 -0.00285251 3.00487e-20)             (0.989124 -0.00035263 -4.08094e-23)
         3.38             (-0.253285 -0.0027346 3.00657e-20)             (0.989053 -0.000355456 -4.10637e-23)
         3.39             (-0.252934 -0.00261801 3.00824e-20)             (0.988982 -0.000358307 -4.13181e-23)
          3.4             (-0.252582 -0.00250272 3.00987e-20)             (0.98891 -0.000361182 -4.15727e-23)
         3.41             (-0.25223 -0.00238871 3.01146e-20)             (0.988837 -0.000364081 -4.18276e-23)
         3.42             (-0.251878 -0.00227597 3.01302e-20)             (0.988764 -0.000367005 -4.20827e-23)
         3.43             (-0.251526 -0.00216449 3.01454e-20)             (0.98869 -0.000369954 -4.2338e-23)
         3.44             (-0.251173 -0.00205427 3.01603e-20)             (0.988616 -0.000372927 -4.25936e-23)
         3.45             (-0.25082 -0.00194527 3.01748e-20)             (0.988541 -0.000375925 -4.28493e-23)
         3.46             (-0.250467 -0.0018375 3.0189e-20)             (0.988465 -0.000378949 -4.31053e-23)
         3.47             (-0.250114 -0.00173094 3.02029e-20)             (0.988389 -0.000381997 -4.33615e-23)
         3.48             (-0.24976 -0.00162557 3.02164e-20)             (0.988312 -0.000385072 -4.3618e-23)
         3.49             (-0.249407 -0.0015214 3.02296e-20)             (0.988234 -0.000388171 -4.38746e-23)
          3.5             (-0.249054 -0.00141839 3.02424e-20)             (0.988156 -0.000391297 -4.41315e-23)
         3.51             (-0.2487 -0.00131655 3.02549e-20)             (0.988077 -0.000394448 -4.43887e-23)
         3.52             (-0.248347 -0.00121586 3.02671e-20)             (0.987998 -0.000397625 -4.4646e-23)
         3.53             (-0.247994 -0.00111631 3.02789e-20)             (0.987917 -0.000400828 -4.49036e-23)
         3.54             (-0.247641 -0.00101788 3.02904e-20)             (0.987836 -0.000404057 -4.51615e-23)
         3.55             (-0.247288 -0.000920568 3.03016e-20)             (0.987755 -0.000407313 -4.54196e-23)
         3.56             (-0.246935 -0.00082436 3.03125e-20)             (0.987672 -0.000410596 -4.56779e-23)
         3.57             (-0.246582 -0.000729245 3.0323e-20)             (0.987589 -0.000413905 -4.59365e-23)
         3.58             (-0.24623 -0.000635212 3.03333e-20)             (0.987506 -0.00041724 -4.61953e-23)
         3.59             (-0.245878 -0.000542249 3.03432e-20)             (0.987421 -0.000420603 -4.64544e-23)
          3.6             (-0.245526 -0.000450345 3.03528e-20)             (0.987336 -0.000423993 -4.67138e-23)
         3.61             (-0.245175 -0.000359489 3.03621e-20)             (0.98725 -0.00042741 -4.69734e-23)
         3.62             (-0.244824 -0.000269671 3.03711e-20)             (0.987164 -0.000430854 -4.72334e-23)
         3.63             (-0.244473 -0.00018088 3.03798e-20)             (0.987076 -0.000434325 -4.74935e-23)
         3.64             (-0.244122 -9.31051e-05 3.03882e-20)             (0.986988 -0.000437824 -4.7754e-23)
         3.65             (-0.243772 -6.33652e-06 3.03963e-20)             (0.9869 -0.000441352 -4.80162e-23)
         3.66             (-0.243423 7.94374e-05 3.04041e-20)             (0.98681 -0.000444908 -4.82774e-23)
         3.67             (-0.243074 0.000164226 3.04116e-20)             (0.98672 -0.00044849 -4.85387e-23)
         3.68             (-0.242725 0.00024804 3.04189e-20)             (0.986629 -0.000452098 -4.88003e-23)
         3.69             (-0.242377 0.00033089 3.04258e-20)             (0.986537 -0.000455735 -4.90623e-23)
          3.7             (-0.242029 0.000412785 3.04325e-20)             (0.986444 -0.000459401 -4.93246e-23)
         3.71             (-0.241682 0.000493736 3.04389e-20)             (0.986351 -0.000463096 -4.95871e-23)
         3.72             (-0.241335 0.000573753 3.0445e-20)             (0.986257 -0.00046682 -4.985e-23)
         3.73             (-0.240989 0.000652845 3.04508e-20)             (0.986162 -0.000470573 -5.01132e-23)
         3.74             (-0.240643 0.000731022 3.04564e-20)             (0.986066 -0.000474354 -5.03768e-23)
         3.75             (-0.240298 0.000808293 3.04617e-20)             (0.985969 -0.000478164 -5.06407e-23)
         3.76             (-0.239954 0.000884669 3.04667e-20)             (0.985872 -0.000482003 -5.09049e-23)
         3.77             (-0.23961 0.000960158 3.04715e-20)             (0.985774 -0.000485871 -5.11695e-23)
         3.78             (-0.239267 0.00103477 3.0476e-20)             (0.985674 -0.00048977 -5.14347e-23)
         3.79             (-0.238925 0.00110851 3.04802e-20)             (0.985575 -0.000493697 -5.16997e-23)
          3.8             (-0.238583 0.0011814 3.04843e-20)             (0.985474 -0.000497652 -5.19655e-23)
         3.81             (-0.238242 0.00125344 3.0488e-20)             (0.985372 -0.000501637 -5.22316e-23)
         3.82             (-0.237901 0.00132463 3.04915e-20)             (0.98527 -0.000505652 -5.2498e-23)
         3.83             (-0.237562 0.001395 3.04948e-20)             (0.985166 -0.000509696 -5.27649e-23)
         3.84             (-0.237223 0.00146454 3.04978e-20)             (0.985062 -0.00051377 -5.30321e-23)
         3.85             (-0.236885 0.00153327 3.05006e-20)             (0.984957 -0.000517874 -5.32998e-23)
         3.86             (-0.236547 0.00160119 3.05031e-20)             (0.984851 -0.000522008 -5.35678e-23)
         3.87             (-0.23621 0.00166832 3.05055e-20)             (0.984744 -0.000526172 -5.38363e-23)
         3.88             (-0.235874 0.00173466 3.05075e-20)             (0.984636 -0.000530366 -5.41052e-23)
         3.89             (-0.235539 0.00180022 3.05094e-20)             (0.984528 -0.00053459 -5.43745e-23)
          3.9             (-0.235205 0.00186501 3.0511e-20)             (0.984418 -0.000538844 -5.46443e-23)
         3.91             (-0.234871 0.00192904 3.05124e-20)             (0.984308 -0.000543129 -5.49144e-23)
         3.92             (-0.234539 0.00199231 3.05136e-20)             (0.984196 -0.000547444 -5.51851e-23)
         3.93             (-0.234207 0.00205484 3.05146e-20)             (0.984084 -0.00055179 -5.54561e-23)
         3.94             (-0.233876 0.00211663 3.05154e-20)             (0.983971 -0.000556166 -5.57277e-23)
         3.95             (-0.233546 0.00217769 3.05159e-20)             (0.983857 -0.000560573 -5.59997e-23)
         3.96             (-0.233217 0.00223803 3.05162e-20)             (0.983741 -0.000565011 -5.62721e-23)
         3.97             (-0.232888 0.00229765 3.05164e-20)             (0.983625 -0.000569479 -5.65451e-23)
         3.98             (-0.232561 0.00235657 3.05163e-20)             (0.983508 -0.000573978 -5.68185e-23)
         3.99             (-0.232234 0.00241478 3.0516e-20)             (0.98339 -0.000578509 -5.70924e-23)
            4             (-0.231908 0.00247231 3.05156e-20)             (0.983271 -0.00058307 -5.73667e-23)
         4.01             (-0.231584 0.00252916 3.05149e-20)             (0.983151 -0.000587667 -5.76426e-23)
         4.02             (-0.23126 0.00258532 3.0514e-20)             (0.98303 -0.000592291 -5.7917e-23)
         4.03             (-0.230937 0.00264082 3.0513e-20)             (0.982908 -0.000596947 -5.81929e-23)
         4.04             (-0.230615 0.00269566 3.05117e-20)             (0.982785 -0.000601633 -5.84692e-23)
         4.05             (-0.230294 0.00274985 3.05103e-20)             (0.982661 -0.00060635 -5.87461e-23)
         4.06             (-0.229974 0.00280339 3.05087e-20)             (0.982536 -0.000611098 -5.90234e-23)
         4.07             (-0.229655 0.00285629 3.05069e-20)             (0.98241 -0.000615878 -5.93013e-23)
         4.08             (-0.229337 0.00290856 3.05049e-20)             (0.982283 -0.000620689 -5.95798e-23)
         4.09             (-0.22902 0.0029602 3.05028e-20)             (0.982155 -0.000625533 -5.98587e-23)
          4.1             (-0.228704 0.00301123 3.05005e-20)             (0.982026 -0.000630409 -6.01381e-23)
         4.11             (-0.228389 0.00306164 3.0498e-20)             (0.981896 -0.000635315 -6.04171e-23)
         4.12             (-0.228075 0.00311145 3.04953e-20)             (0.981764 -0.000640254 -6.06977e-23)
         4.13             (-0.227762 0.00316067 3.04925e-20)             (0.981632 -0.000645225 -6.09788e-23)
         4.14             (-0.22745 0.00320929 3.04895e-20)             (0.981499 -0.000650227 -6.12605e-23)
         4.15             (-0.227139 0.00325733 3.04864e-20)             (0.981364 -0.000655259 -6.15425e-23)
         4.16             (-0.226829 0.0033048 3.0483e-20)             (0.981229 -0.000660325 -6.18255e-23)
         4.17             (-0.22652 0.00335169 3.04796e-20)             (0.981092 -0.000665423 -6.21088e-23)
         4.18             (-0.226212 0.00339801 3.04759e-20)             (0.980954 -0.000670553 -6.23926e-23)
         4.19             (-0.225906 0.00344378 3.04721e-20)             (0.980815 -0.000675714 -6.26771e-23)
          4.2             (-0.2256 0.003489 3.04682e-20)             (0.980675 -0.000680907 -6.29621e-23)
         4.21             (-0.225295 0.00353368 3.04641e-20)             (0.980534 -0.000686132 -6.32476e-23)
         4.22             (-0.224992 0.00357781 3.04599e-20)             (0.980392 -0.000691389 -6.35338e-23)
         4.23             (-0.224689 0.00362141 3.04555e-20)             (0.980249 -0.000696678 -6.38205e-23)
         4.24             (-0.224388 0.00366449 3.0451e-20)             (0.980104 -0.000701999 -6.41078e-23)
         4.25             (-0.224088 0.00370705 3.04463e-20)             (0.979959 -0.000707352 -6.43956e-23)
         4.26             (-0.223789 0.00374909 3.04415e-20)             (0.979812 -0.000712737 -6.46841e-23)
         4.27             (-0.22349 0.00379062 3.04366e-20)             (0.979664 -0.000718157 -6.4975e-23)
         4.28             (-0.223193 0.00383165 3.04315e-20)             (0.979515 -0.000723606 -6.52628e-23)
         4.29             (-0.222898 0.00387218 3.04263e-20)             (0.979365 -0.000729087 -6.5553e-23)
          4.3             (-0.222603 0.00391222 3.0421e-20)             (0.979214 -0.000734601 -6.58438e-23)
         4.31             (-0.222309 0.00395178 3.04155e-20)             (0.979061 -0.000740146 -6.61352e-23)
         4.32             (-0.222017 0.00399086 3.04099e-20)             (0.978907 -0.000745724 -6.64272e-23)
         4.33             (-0.221725 0.00402946 3.04042e-20)             (0.978752 -0.000751334 -6.67198e-23)
         4.34             (-0.221435 0.00406759 3.03984e-20)             (0.978596 -0.000756975 -6.7013e-23)
         4.35             (-0.221146 0.00410527 3.03924e-20)             (0.978439 -0.000762649 -6.73068e-23)
         4.36             (-0.220858 0.00414248 3.03863e-20)             (0.97828 -0.000768355 -6.76012e-23)
         4.37             (-0.220571 0.00417924 3.03801e-20)             (0.97812 -0.000774092 -6.78962e-23)
         4.38             (-0.220285 0.00421556 3.03738e-20)             (0.977959 -0.000779862 -6.81918e-23)
         4.39             (-0.220001 0.00425144 3.03674e-20)             (0.977797 -0.000785663 -6.8488e-23)
          4.4             (-0.219717 0.00428688 3.03608e-20)             (0.977634 -0.000791497 -6.87848e-23)
         4.41             (-0.219435 0.00432189 3.03542e-20)             (0.977469 -0.000797364 -6.90823e-23)
         4.42             (-0.219154 0.00435647 3.03474e-20)             (0.977303 -0.000803264 -6.93803e-23)
         4.43             (-0.218874 0.00439063 3.03405e-20)             (0.977136 -0.000809194 -6.96789e-23)
         4.44             (-0.218595 0.00442438 3.03336e-20)             (0.976967 -0.000815156 -6.99782e-23)
         4.45             (-0.218317 0.00445771 3.03265e-20)             (0.976798 -0.00082115 -7.0278e-23)
         4.46             (-0.21804 0.00449064 3.03193e-20)             (0.976627 -0.000827176 -7.05785e-23)
         4.47             (-0.217765 0.00452317 3.03121e-20)             (0.976454 -0.000833233 -7.08796e-23)
         4.48             (-0.217491 0.00455531 3.03047e-20)             (0.976281 -0.000839322 -7.11813e-23)
         4.49             (-0.217218 0.00458705 3.02972e-20)             (0.976106 -0.000845442 -7.14837e-23)
          4.5             (-0.216946 0.0046184 3.02897e-20)             (0.97593 -0.000851595 -7.17949e-23)
         4.51             (-0.216675 0.00464938 3.02821e-20)             (0.975752 -0.000857778 -7.20928e-23)
         4.52             (-0.216405 0.00467998 3.02743e-20)             (0.975573 -0.000863994 -7.23969e-23)
         4.53             (-0.216137 0.0047102 3.02665e-20)             (0.975393 -0.000870241 -7.27017e-23)
         4.54             (-0.21587 0.00474006 3.02586e-20)             (0.975212 -0.000876519 -7.30071e-23)
         4.55             (-0.215604 0.00476955 3.02506e-20)             (0.975029 -0.000882829 -7.33132e-23)
         4.56             (-0.215339 0.00479869 3.02425e-20)             (0.974845 -0.000889171 -7.36199e-23)
         4.57             (-0.215075 0.00482747 3.02343e-20)             (0.974659 -0.000895543 -7.39272e-23)
         4.58             (-0.214812 0.0048559 3.02261e-20)             (0.974473 -0.000901947 -7.42351e-23)
         4.59             (-0.214551 0.00488398 3.02177e-20)             (0.974284 -0.000908383 -7.45437e-23)
          4.6             (-0.214291 0.00491172 3.02093e-20)             (0.974095 -0.000914849 -7.48528e-23)
         4.61             (-0.214032 0.00493913 3.02008e-20)             (0.973904 -0.000921347 -7.51626e-23)
         4.62             (-0.213774 0.0049662 3.01923e-20)             (0.973712 -0.000927875 -7.5473e-23)
         4.63             (-0.213517 0.00499294 3.01836e-20)             (0.973518 -0.000934435 -7.5784e-23)
         4.64             (-0.213261 0.00501936 3.01749e-20)             (0.973323 -0.000941025 -7.60957e-23)
         4.65             (-0.213007 0.00504546 3.01662e-20)             (0.973127 -0.000947646 -7.64079e-23)
         4.66             (-0.212754 0.00507124 3.01573e-20)             (0.972929 -0.000954298 -7.67208e-23)
         4.67             (-0.212501 0.00509671 3.01484e-20)             (0.97273 -0.000960981 -7.70343e-23)
         4.68             (-0.21225 0.00512187 3.01394e-20)             (0.972529 -0.000967694 -7.73484e-23)
         4.69             (-0.212001 0.00514672 3.01304e-20)             (0.972327 -0.000974438 -7.76631e-23)
          4.7             (-0.211752 0.00517128 3.01213e-20)             (0.972124 -0.000981206 -7.79782e-23)
         4.71             (-0.211505 0.00519553 3.01121e-20)             (0.971919 -0.00098801 -7.82945e-23)
         4.72             (-0.211258 0.00521949 3.01029e-20)             (0.971713 -0.000994846 -7.8611e-23)
         4.73             (-0.211013 0.00524317 3.00936e-20)             (0.971505 -0.00100171 -7.89281e-23)
         4.74             (-0.210769 0.00526655 3.00843e-20)             (0.971296 -0.0010086 -7.92459e-23)
         4.75             (-0.210526 0.00528966 3.00749e-20)             (0.971086 -0.00101553 -7.95643e-23)
         4.76             (-0.210285 0.00531249 3.00654e-20)             (0.970874 -0.00102248 -7.98821e-23)
         4.77             (-0.210044 0.00533504 3.00559e-20)             (0.97066 -0.00102946 -8.0204e-23)
         4.78             (-0.209805 0.00535732 3.00464e-20)             (0.970446 -0.00103648 -8.05242e-23)
         4.79             (-0.209567 0.00537933 3.00367e-20)             (0.970229 -0.00104352 -8.0845e-23)
          4.8             (-0.20933 0.00540107 3.00271e-20)             (0.970011 -0.00105059 -8.11664e-23)
         4.81             (-0.209094 0.00542256 3.00174e-20)             (0.969792 -0.00105769 -8.14884e-23)
         4.82             (-0.208859 0.00544379 3.00076e-20)             (0.969572 -0.00106482 -8.1811e-23)
         4.83             (-0.208626 0.00546476 2.99978e-20)             (0.969349 -0.00107198 -8.21342e-23)
         4.84             (-0.208393 0.00548548 2.9988e-20)             (0.969126 -0.00107917 -8.2458e-23)
         4.85             (-0.208162 0.00550596 2.99781e-20)             (0.968901 -0.00108639 -8.27824e-23)
         4.86             (-0.207932 0.00552618 2.99681e-20)             (0.968674 -0.00109363 -8.31073e-23)
         4.87             (-0.207703 0.00554617 2.99582e-20)             (0.968446 -0.00110091 -8.34329e-23)
         4.88             (-0.207475 0.00556592 2.99481e-20)             (0.968216 -0.00110821 -8.3759e-23)
         4.89             (-0.207248 0.00558544 2.99381e-20)             (0.967985 -0.00111554 -8.40857e-23)
          4.9             (-0.207022 0.00560472 2.9928e-20)             (0.967752 -0.0011229 -8.4413e-23)
         4.91             (-0.206798 0.00562377 2.99179e-20)             (0.967518 -0.00113028 -8.47408e-23)
         4.92             (-0.206574 0.0056426 2.99077e-20)             (0.967282 -0.0011377 -8.50693e-23)
         4.93             (-0.206352 0.0056612 2.98975e-20)             (0.967045 -0.00114514 -8.53982e-23)
         4.94             (-0.206131 0.00567959 2.98872e-20)             (0.966807 -0.00115261 -8.57278e-23)
         4.95             (-0.205911 0.00569776 2.9877e-20)             (0.966566 -0.00116011 -8.60579e-23)
         4.96             (-0.205692 0.00571571 2.98667e-20)             (0.966324 -0.00116763 -8.63885e-23)
         4.97             (-0.205474 0.00573345 2.98563e-20)             (0.966081 -0.00117518 -8.67197e-23)
         4.98             (-0.205258 0.00575099 2.9846e-20)             (0.965836 -0.00118276 -8.70515e-23)
         4.99             (-0.205042 0.00576832 2.98356e-20)             (0.96559 -0.00119037 -8.73838e-23)
            5             (-0.204828 0.00578544 2.98252e-20)             (0.965342 -0.001198 -8.77166e-23)
