/*--------------------------------*- C++ -*----------------------------------*\
  =========                 |
  \\      /  F ield         | OpenFOAM: The Open Source CFD Toolbox
   \\    /   O peration     | Website:  https://openfoam.org
    \\  /    A nd           | Version:  6.0
     \\/     M anipulation  |
\*---------------------------------------------------------------------------*/
FoamFile
{
    version     2.0;
    format      ascii;
    class       volVectorField;
    location    "4";
    object      U;
}
// * * * * * * * * * * * * * * * * * * * * * * * * * * * * * * * * * * * * * //

dimensions      [0 1 -1 0 0 0 0];

internalField   nonuniform List<vector> 
2000
(
(-0.0111226 0.0100406 6.61715e-20)
(-0.0423884 0.0184198 6.41823e-20)
(-0.0855679 0.0207171 -5.7599e-20)
(-0.126286 0.019991 -1.12943e-19)
(-0.16034 0.0177222 -7.69876e-20)
(-0.187127 0.0146992 9.93505e-20)
(-0.206935 0.0113753 5.78403e-20)
(-0.221415 0.00804561 -2.18814e-20)
(-0.231758 0.00497781 -5.57695e-20)
(-0.231908 0.00247231 3.05156e-20)
(-0.0125929 0.0287151 -1.64187e-19)
(-0.0428398 0.0532603 1.85372e-19)
(-0.082512 0.060406 1.87855e-20)
(-0.119285 0.0586501 -9.71703e-20)
(-0.149421 0.0522061 4.49113e-19)
(-0.172308 0.043365 -1.92935e-19)
(-0.18807 0.0334632 -2.06927e-19)
(-0.198141 0.0233863 2.44691e-19)
(-0.203891 0.0139736 -2.37978e-19)
(-0.199609 0.00627564 8.9596e-20)
(-0.0151092 0.0434905 2.71914e-20)
(-0.0435503 0.0824251 7.60825e-21)
(-0.076754 0.0950302 5.23309e-19)
(-0.106045 0.0934187 1.78768e-19)
(-0.128634 0.0838955 3.72817e-20)
(-0.144003 0.0700244 2.77246e-19)
(-0.1521 0.0539294 -5.1557e-19)
(-0.153994 0.0370447 9.27469e-21)
(-0.151316 0.0208103 -2.953e-19)
(-0.139363 0.00736035 2.43835e-19)
(-0.0179892 0.0526776 -5.12803e-20)
(-0.0442663 0.102941 2.4052e-19)
(-0.069098 0.121442 -6.60039e-19)
(-0.0882423 0.121495 -8.34131e-20)
(-0.100278 0.110578 -4.56561e-19)
(-0.10504 0.0931525 4.6419e-19)
(-0.102488 0.0719323 -4.82137e-19)
(-0.0933029 0.0487521 3.29228e-19)
(-0.0792693 0.0255206 1.35099e-19)
(-0.0577113 0.005629 -1.1742e-19)
(-0.0205704 0.0557853 -5.63233e-19)
(-0.0448532 0.113095 2.17294e-21)
(-0.0608338 0.137046 8.06888e-19)
(-0.0685116 0.139913 2.42008e-19)
(-0.0680782 0.129384 -7.20525e-19)
(-0.0599992 0.11036 4.33618e-19)
(-0.0445284 0.0858742 4.98576e-19)
(-0.0220878 0.0579343 -4.33631e-19)
(0.00578549 0.02862 3.07068e-19)
(0.0389308 0.00224751 5.62488e-20)
(-0.022494 0.053626 7.7952e-20)
(-0.0453987 0.112898 1.19551e-20)
(-0.0534442 0.140439 -1.00897e-18)
(-0.0498725 0.146108 -5.49585e-19)
(-0.0364464 0.137036 6.38813e-19)
(-0.0143949 0.118115 -7.28103e-19)
(0.0155818 0.0924236 8.34331e-19)
(0.0531349 0.0619354 -6.32743e-20)
(0.0974662 0.028671 -2.25616e-19)
(0.146265 -0.00265529 -4.98838e-19)
(-0.0238645 0.0480303 -1.56681e-19)
(-0.0461355 0.104204 -2.33228e-19)
(-0.0478775 0.132139 -2.76145e-19)
(-0.0342042 0.139105 5.69591e-19)
(-0.00809079 0.131281 1.03981e-18)
(0.0286195 0.113196 -2.02462e-19)
(0.0749193 0.0877431 -5.23335e-19)
(0.130382 0.0567285 1.53475e-19)
(0.194708 0.0220095 -9.88807e-19)
(0.266876 -0.0107825 7.9946e-19)
(-0.0251666 0.0412014 9.49189e-19)
(-0.0471227 0.0901753 -4.12272e-19)
(-0.0435721 0.114776 7.95271e-19)
(-0.0202488 0.120551 -1.24472e-18)
(0.0192827 0.112739 -5.84956e-19)
(0.0729554 0.0953141 -7.95765e-19)
(0.139666 0.0708644 2.16092e-19)
(0.218641 0.0410131 -6.53837e-19)
(0.307991 0.00702467 1.38605e-18)
(0.413882 -0.0218167 2.93034e-19)
(-0.0269051 0.0349422 4.79527e-20)
(-0.0476845 0.0741975 6.73101e-19)
(-0.0375819 0.0923603 1.26535e-18)
(-0.0021866 0.0946254 3.86438e-19)
(0.0549426 0.0856087 1.09028e-18)
(0.13163 0.0687474 6.18807e-20)
(0.226054 0.0463065 -2.03708e-20)
(0.336018 0.0198739 4.13748e-19)
(0.454674 -0.0106375 3.70084e-19)
(0.598961 -0.0296537 -8.59836e-19)
(-0.0291187 0.0300898 -5.2219e-19)
(-0.0458804 0.0587324 -7.31053e-19)
(-0.0244081 0.0689333 -1.03284e-18)
(0.0298524 0.0667528 1.21896e-20)
(0.113219 0.0566238 -4.97644e-19)
(0.222248 0.0416196 7.60725e-19)
(0.352043 0.0236131 -2.07908e-18)
(0.496519 0.0040174 9.19761e-19)
(0.642801 -0.0175149 3.71393e-19)
(0.809776 -0.0270782 8.64056e-19)
(-0.031086 0.0264135 2.63476e-19)
(-0.0385251 0.0447179 -8.11309e-19)
(0.00283663 0.0473758 6.91158e-19)
(0.0866227 0.0418973 -2.61264e-19)
(0.207272 0.0328278 2.72312e-19)
(0.357013 0.0228782 5.87087e-19)
(0.524565 0.0131269 -7.60166e-19)
(0.697925 0.00406982 1.06854e-19)
(0.860626 -0.00267199 -3.47473e-19)
(1.0105 -0.0192722 4.39381e-19)
(-0.0314297 0.0230114 3.52628e-19)
(-0.0218206 0.0318126 -7.16615e-19)
(0.0505391 0.0291186 9.41672e-19)
(0.175844 0.0236467 -5.68832e-19)
(0.342656 0.0197557 -1.99014e-19)
(0.534456 0.019018 1.13201e-19)
(0.731527 0.0206788 6.30197e-20)
(0.917428 0.0242077 7.61874e-19)
(1.07201 0.0262661 2.20212e-19)
(1.21194 0.0266723 6.0695e-19)
(-0.0284614 0.0189628 -3.07309e-19)
(0.00802435 0.019372 9.1173e-19)
(0.123468 0.0150632 -7.40296e-19)
(0.30021 0.0147925 -8.45507e-19)
(0.514878 0.0212149 1.12963e-18)
(0.738842 0.0330078 -8.33072e-19)
(0.946103 0.046664 2.11368e-19)
(1.11985 0.0596583 -1.16331e-18)
(1.24904 0.0677141 8.39398e-19)
(1.35024 0.0747248 2.33558e-20)
(-0.0204645 0.0138609 -3.94737e-19)
(0.0545287 0.0076079 -3.26468e-19)
(0.224406 0.00704211 -6.7297e-19)
(0.456627 0.0183435 7.72073e-19)
(0.709898 0.0393035 -3.75657e-20)
(0.945304 0.0639541 4.68089e-19)
(1.13798 0.0863526 8.07306e-19)
(1.27897 0.10344 -2.39021e-19)
(1.36972 0.112614 -7.44451e-19)
(1.42495 0.119036 1.14336e-18)
(-0.00580389 0.00800818 -2.04732e-19)
(0.12065 -0.00170104 -2.063e-19)
(0.353176 0.00850584 3.6554e-19)
(0.635223 0.0371704 -6.43384e-19)
(0.906874 0.0735237 1.04776e-19)
(1.12849 0.107314 9.10425e-20)
(1.28635 0.132569 2.5599e-20)
(1.38484 0.148106 -1.57737e-20)
(1.4361 0.153831 -9.51042e-20)
(1.45814 0.15654 -9.51129e-19)
(0.0170228 0.00234578 8.42785e-19)
(0.208031 -0.00521904 -4.97516e-19)
(0.504804 0.0235723 6.52829e-21)
(0.819904 0.0721714 -6.9601e-19)
(1.08455 0.120261 -2.35154e-19)
(1.27203 0.156886 2.16315e-19)
(1.38625 0.179327 1.47793e-19)
(1.44427 0.189668 -5.19666e-19)
(1.46499 0.190552 3.92679e-19)
(1.46427 0.189365 -4.00119e-19)
(0.0492423 -0.00167813 3.70461e-19)
(0.315812 0.00130176 -2.88899e-19)
(0.668685 0.0549677 1.10727e-18)
(0.992809 0.121175 1.08801e-19)
(1.22872 0.17433 2.3449e-19)
(1.37241 0.207723 9.73894e-19)
(1.44483 0.223778 -1.48096e-19)
(1.47092 0.227676 1.13924e-19)
(1.47062 0.223748 3.99522e-20)
(1.45783 0.219269 -4.87989e-20)
(0.0915174 -0.00220641 2.68933e-19)
(0.439532 0.0218727 5.34555e-19)
(0.830786 0.102565 -5.43467e-19)
(1.14035 0.180054 -1.71854e-19)
(1.33499 0.231342 -1.9744e-19)
(1.43493 0.257345 2.93252e-19)
(1.47293 0.265515 -1.40916e-19)
(1.47636 0.262999 3.65234e-19)
(1.46324 0.255009 1.14741e-19)
(1.44359 0.247636 -1.49278e-19)
(0.143563 0.00288325 -2.92705e-19)
(0.571056 0.0588951 2.24933e-19)
(0.978034 0.163714 -4.44336e-19)
(1.25596 0.244644 1.78499e-19)
(1.40584 0.288598 -1.73717e-19)
(1.46762 0.304957 -2.0073e-19)
(1.47986 0.30494 -1.49145e-19)
(1.46854 0.296549 1.59954e-19)
(1.44804 0.285075 -2.87928e-19)
(1.42548 0.27494 1.39248e-19)
(0.203808 0.0156738 -1.08177e-19)
(0.700173 0.112274 -1.78499e-19)
(1.10148 0.234633 8.01089e-20)
(1.33876 0.311658 6.06116e-21)
(1.44652 0.344602 5.71552e-20)
(1.47786 0.35041 7.12779e-20)
(1.47228 0.342528 6.08248e-20)
(1.45211 0.328889 -7.86033e-20)
(1.42786 0.314361 6.41811e-20)
(1.40418 0.301301 -7.90538e-20)
(0.26926 0.0377619 -6.9146e-20)
(0.817181 0.179595 -2.38817e-20)
(1.19668 0.311432 7.56487e-20)
(1.39101 0.378625 -3.38172e-20)
(1.46255 0.39844 7.60649e-20)
(1.47136 0.393654 -9.25287e-20)
(1.45444 0.378474 2.11389e-20)
(1.42955 0.360123 2.07144e-20)
(1.40376 0.342669 -8.15759e-21)
(1.38027 0.326431 2.4676e-20)
(0.335733 0.0698211 -8.25317e-20)
(0.914781 0.257028 -2.85687e-19)
(1.26249 0.390482 -1.75366e-20)
(1.41617 0.443594 4.50276e-21)
(1.45873 0.449383 -2.69068e-19)
(1.45213 0.434466 3.36447e-20)
(1.42884 0.41262 -2.7081e-20)
(1.40206 0.389967 -6.23838e-20)
(1.37619 0.369588 1.27486e-19)
(1.35373 0.349946 -1.82383e-19)
(0.398415 0.111336 -4.62882e-20)
(0.988544 0.340214 6.09595e-19)
(1.29982 0.468484 6.4976e-20)
(1.4179 0.504892 -4.35466e-19)
(1.43886 0.496665 -4.25668e-20)
(1.42282 0.472357 -3.40369e-19)
(1.39689 0.444465 2.3578e-19)
(1.3702 0.417824 -8.33175e-20)
(1.34531 0.394459 1.46052e-19)
(1.32456 0.371344 -8.83016e-20)
(0.452647 0.160597 -2.61329e-19)
(1.03651 0.424792 2.19539e-19)
(1.31078 0.542479 -1.27033e-19)
(1.39966 0.560981 8.57274e-19)
(1.40584 0.539393 3.69433e-19)
(1.38524 0.506579 -8.09558e-20)
(1.35944 0.473241 2.66813e-19)
(1.33432 0.442896 -1.67334e-19)
(1.31127 0.416545 -4.78006e-20)
(1.29288 0.390106 2.50706e-19)
(0.49459 0.214915 -4.70592e-19)
(1.05854 0.506637 5.21249e-19)
(1.29803 0.609825 -8.47102e-19)
(1.36452 0.610385 1.18185e-19)
(1.36198 0.576549 2.0653e-19)
(1.34066 0.5362 -2.9462e-19)
(1.31714 0.498016 -3.47145e-19)
(1.29477 0.464262 1.56534e-19)
(1.27437 0.435047 -1.88596e-19)
(1.25885 0.405683 2.0183e-19)
(0.521635 0.27096 -1.18397e-19)
(1.0558 0.581948 -5.20291e-19)
(1.26452 0.66816 2.56556e-19)
(1.31525 0.651656 3.8084e-19)
(1.30913 0.60701 -2.06711e-19)
(1.2902 0.560194 -1.43199e-19)
(1.27066 0.517817 -1.13459e-19)
(1.25212 0.480996 -5.12627e-20)
(1.23524 0.449148 -2.5656e-21)
(1.22329 0.417456 1.26412e-19)
(0.532514 0.325141 1.41819e-19)
(1.03035 0.647306 -5.63514e-19)
(1.21323 0.715373 7.36854e-19)
(1.25429 0.683341 -3.96918e-19)
(1.24889 0.629524 1.17603e-19)
(1.23483 0.577411 -1.46944e-19)
(1.2208 0.531627 1.47718e-19)
(1.20731 0.492188 6.98971e-20)
(1.19511 0.458025 8.5265e-20)
(1.1876 0.424745 -1.15269e-19)
(0.52724 0.37397 -4.2282e-19)
(0.984904 0.699785 6.10811e-19)
(1.14717 0.749664 -2.78334e-20)
(1.18383 0.704046 -1.36956e-19)
(1.18251 0.642689 -1.54642e-19)
(1.17525 0.586369 2.882e-20)
(1.16812 0.537965 -7.60412e-20)
(1.16128 0.496462 9.53537e-21)
(1.1555 0.46053 -1.89097e-20)
(1.15345 0.42681 1.1758e-20)
(0.506939 0.414376 5.16513e-19)
(0.922674 0.737074 -1.70118e-19)
(1.06933 0.769704 -1.01466e-19)
(1.10587 0.712741 2.4574e-19)
(1.11099 0.645321 -1.29875e-19)
(1.11166 0.585437 1.44813e-21)
(1.11244 0.534534 -7.76722e-20)
(1.11382 0.49089 -3.95256e-20)
(1.11628 0.453706 -5.43478e-20)
(1.11997 0.421792 1.90952e-20)
(0.473638 0.443888 -3.55476e-19)
(0.847275 0.75752 1.55246e-19)
(0.982826 0.774722 -7.70222e-20)
(1.02252 0.709116 -5.17931e-20)
(1.03545 0.637352 6.84849e-21)
(1.04424 0.574425 1.88243e-19)
(1.05289 0.520256 -5.79081e-20)
(1.06287 0.472325 5.39128e-20)
(1.07357 0.431328 8.56365e-20)
(1.08044 0.402408 2.47103e-19)
(0.429994 0.460689 2.83528e-20)
(0.7626 0.760019 -4.63466e-20)
(0.890954 0.764268 3.63555e-19)
(0.936257 0.693248 -7.13897e-20)
(0.957755 0.619776 4.19693e-19)
(0.974324 0.555922 2.59432e-19)
(0.989786 0.49995 -5.79411e-19)
(1.00665 0.447399 8.65741e-19)
(1.02309 0.395864 -1.79994e-19)
(1.02378 0.352956 3.07768e-19)
(0.379021 0.463606 -6.66907e-20)
(0.672627 0.743968 -1.57517e-19)
(0.797065 0.737957 1.65041e-19)
(0.849867 0.664666 -2.89972e-19)
(0.880732 0.592197 -9.39699e-19)
(0.905373 0.530587 -3.73367e-19)
(0.927125 0.478062 -3.08358e-19)
(0.947722 0.431797 1.54572e-19)
(0.962982 0.391987 1.20216e-18)
(0.960749 0.362892 -2.14771e-19)
(0.323857 0.452134 1.18859e-19)
(0.581218 0.709394 -4.15592e-19)
(0.704293 0.695882 9.69706e-20)
(0.765841 0.623028 -6.65254e-19)
(0.806804 0.552899 1.39061e-18)
(0.840547 0.493281 -1.58073e-19)
(0.869923 0.441807 7.043e-19)
(0.896018 0.395757 -9.50724e-19)
(0.915102 0.356205 2.94448e-19)
(0.918538 0.329791 3.952e-20)
(0.267629 0.426399 7.17882e-20)
(0.492096 0.656943 4.64965e-19)
(0.615597 0.638838 -1.4703e-18)
(0.686145 0.569631 6.68963e-19)
(0.736545 0.504784 2.51829e-21)
(0.778294 0.450515 -2.12068e-19)
(0.814239 0.404527 2.56194e-19)
(0.845567 0.364196 -2.4131e-19)
(0.869429 0.329371 -7.92753e-19)
(0.879589 0.303858 -1.9153e-19)
(0.213313 0.387052 3.12184e-19)
(0.408793 0.587634 3.24198e-19)
(0.534085 0.56738 1.28136e-18)
(0.613807 0.504014 -6.82558e-19)
(0.673479 0.445529 1.33613e-18)
(0.722965 0.396663 -2.74826e-19)
(0.765119 0.355348 -2.72959e-19)
(0.801525 0.319627 3.07566e-19)
(0.830341 0.289479 1.9458e-19)
(0.846898 0.267406 6.11297e-19)
(0.163571 0.33529 -3.61034e-19)
(0.334271 0.503216 9.30054e-20)
(0.4619 0.483269 2.77148e-20)
(0.550014 0.428281 7.08655e-19)
(0.617948 0.37829 -1.67512e-18)
(0.674362 0.336816 2.75614e-19)
(0.722141 0.301916 5.62502e-19)
(0.763136 0.271797 -6.54901e-19)
(0.796447 0.246148 2.2209e-19)
(0.818974 0.226672 -8.94553e-19)
(0.120797 0.27273 7.91362e-20)
(0.271335 0.40571 3.65624e-19)
(0.4015 0.387988 1.38426e-19)
(0.496919 0.343106 1.7173e-19)
(0.571857 0.302676 3.07454e-19)
(0.634103 0.269257 8.56574e-19)
(0.686645 0.241297 -9.99883e-19)
(0.731582 0.217369 -5.33624e-19)
(0.768819 0.197009 8.66775e-20)
(0.796525 0.181185 5.84878e-19)
(0.0869336 0.201363 -4.80526e-19)
(0.222134 0.297634 -4.74944e-20)
(0.354572 0.283799 -3.83464e-19)
(0.455819 0.250647 5.0617e-20)
(0.536263 0.220995 -2.91579e-19)
(0.603061 0.196546 -3.15214e-19)
(0.659292 0.176136 -4.4371e-19)
(0.70729 0.158714 1.14283e-18)
(0.747671 0.143855 1.87394e-19)
(0.77958 0.132111 -2.50713e-19)
(0.0634966 0.123484 2.59277e-19)
(0.18837 0.18176 2.93836e-19)
(0.322499 0.172974 1.08075e-19)
(0.427791 0.152627 -5.52832e-19)
(0.512027 0.13451 -2.42028e-19)
(0.581958 0.119604 -5.00043e-20)
(0.640723 0.107191 9.19806e-20)
(0.690828 0.096623 7.07885e-20)
(0.73341 0.0875952 -5.18279e-19)
(0.768269 0.080382 2.59957e-19)
(0.0515178 0.0416112 -1.36862e-19)
(0.171199 0.0611233 -1.31645e-19)
(0.306229 0.0581138 9.92258e-20)
(0.413593 0.051256 8.26036e-20)
(0.49976 0.0451632 8.00792e-20)
(0.571283 0.0401546 1.14648e-19)
(0.631336 0.0359881 -6.87125e-21)
(0.682518 0.0324455 -1.37231e-19)
(0.726241 0.0294178 1.24105e-19)
(0.762625 0.0269877 -1.6255e-19)
(0.0515177 -0.0416087 -1.38464e-19)
(0.171199 -0.0611191 -1.26262e-19)
(0.306228 -0.0581094 1.09364e-19)
(0.413592 -0.0512521 2.00001e-19)
(0.49976 -0.0451598 1.24423e-19)
(0.571283 -0.0401516 -1.56007e-19)
(0.631336 -0.0359855 -7.93377e-20)
(0.682518 -0.0324433 3.43864e-20)
(0.726241 -0.0294159 7.25038e-20)
(0.762625 -0.0269859 -3.74655e-20)
(0.0634963 -0.123482 3.29059e-19)
(0.188369 -0.181756 -3.50839e-19)
(0.322498 -0.172969 -2.80785e-20)
(0.42779 -0.152623 1.72724e-19)
(0.512027 -0.134507 -7.34289e-19)
(0.581957 -0.119602 2.96826e-19)
(0.640723 -0.107189 2.89195e-19)
(0.690827 -0.0966208 -3.27873e-19)
(0.73341 -0.0875932 3.00021e-19)
(0.768269 -0.0803803 -1.16263e-19)
(0.0869332 -0.20136 -5.50891e-20)
(0.222133 -0.29763 -1.64833e-21)
(0.354571 -0.283795 -8.90101e-19)
(0.455818 -0.250643 -2.61913e-19)
(0.536263 -0.220991 -2.11599e-20)
(0.603061 -0.196543 -3.86442e-19)
(0.659292 -0.176133 6.87475e-19)
(0.70729 -0.158712 -2.53436e-20)
(0.747671 -0.143853 3.63123e-19)
(0.779579 -0.132109 -2.74491e-19)
(0.120797 -0.272728 9.20154e-20)
(0.271334 -0.405706 -3.64337e-19)
(0.401499 -0.387984 1.06743e-18)
(0.496918 -0.343103 1.44286e-19)
(0.571857 -0.302672 6.58173e-19)
(0.634102 -0.269254 -6.06004e-19)
(0.686644 -0.241294 6.08042e-19)
(0.731582 -0.217366 -4.23647e-19)
(0.768819 -0.197007 -1.80783e-19)
(0.796525 -0.181183 1.30055e-19)
(0.163571 -0.335288 7.87529e-19)
(0.33427 -0.503212 1.82252e-20)
(0.461899 -0.483265 -1.09734e-18)
(0.550013 -0.428277 -2.99698e-19)
(0.617947 -0.378287 9.5339e-19)
(0.674361 -0.336813 -5.29348e-19)
(0.72214 -0.301914 -5.79121e-19)
(0.763135 -0.271795 5.0389e-19)
(0.796446 -0.246146 -3.28183e-19)
(0.818974 -0.22667 -6.22174e-20)
(0.213312 -0.38705 -1.20409e-19)
(0.408792 -0.58763 -7.59147e-21)
(0.534083 -0.567376 1.14824e-18)
(0.613806 -0.504011 6.34751e-19)
(0.673478 -0.445525 -7.09192e-19)
(0.722964 -0.39666 8.24209e-19)
(0.765118 -0.355346 -8.39341e-19)
(0.801525 -0.319625 8.49306e-20)
(0.83034 -0.289477 2.34785e-19)
(0.846898 -0.267405 4.65582e-19)
(0.267629 -0.426398 1.0278e-19)
(0.492094 -0.65694 1.43925e-19)
(0.615595 -0.638834 1.64038e-19)
(0.686144 -0.569627 -5.62864e-19)
(0.736544 -0.50478 -9.62196e-19)
(0.778293 -0.450512 1.96712e-19)
(0.814238 -0.404524 5.44644e-19)
(0.845566 -0.364194 -1.496e-19)
(0.869428 -0.329369 8.54176e-19)
(0.879589 -0.303856 -7.27644e-19)
(0.323856 -0.452133 -5.50711e-19)
(0.581217 -0.709391 1.31028e-19)
(0.704292 -0.695878 -5.72228e-19)
(0.765839 -0.623024 9.03475e-19)
(0.806803 -0.552896 4.44053e-19)
(0.840546 -0.493278 5.93114e-19)
(0.869922 -0.441805 -1.26981e-19)
(0.896018 -0.395755 4.98533e-19)
(0.915101 -0.356203 -1.0204e-18)
(0.918538 -0.329789 -2.31764e-19)
(0.379021 -0.463605 1.14612e-19)
(0.672625 -0.743965 -2.51274e-19)
(0.797063 -0.737954 -4.63807e-19)
(0.849865 -0.664663 -2.51347e-19)
(0.880731 -0.592194 -6.49116e-19)
(0.905371 -0.530584 -7.02527e-20)
(0.927124 -0.478059 5.71661e-20)
(0.947721 -0.431795 -2.19264e-19)
(0.962981 -0.391985 -2.4777e-19)
(0.960749 -0.36289 5.59063e-19)
(0.429994 -0.460688 2.78123e-20)
(0.762599 -0.760016 7.90796e-20)
(0.890952 -0.764265 3.5596e-19)
(0.936255 -0.693244 4.88282e-20)
(0.957753 -0.619773 2.60717e-19)
(0.974323 -0.55592 -3.2569e-19)
(0.989785 -0.499947 9.74468e-19)
(1.00665 -0.447396 -4.12634e-19)
(1.02309 -0.395862 -2.02132e-19)
(1.02378 -0.352955 -5.25358e-19)
(0.473637 -0.443888 -2.08716e-21)
(0.847274 -0.757517 -1.3435e-19)
(0.982824 -0.774719 4.25718e-20)
(1.02252 -0.709112 3.01528e-20)
(1.03545 -0.637349 -4.35363e-20)
(1.04424 -0.574422 -1.413e-19)
(1.05289 -0.520253 1.77497e-19)
(1.06287 -0.472323 -7.22692e-20)
(1.07357 -0.431326 8.24754e-20)
(1.08044 -0.402406 -1.44201e-19)
(0.506939 -0.414375 1.70498e-19)
(0.922674 -0.737072 -3.53413e-19)
(1.06933 -0.769701 2.65816e-19)
(1.10587 -0.712738 -2.91816e-20)
(1.11099 -0.645318 -6.09093e-20)
(1.11166 -0.585434 2.42949e-20)
(1.11244 -0.534531 -3.01097e-21)
(1.11382 -0.490887 -9.72126e-20)
(1.11628 -0.453703 -5.99486e-20)
(1.11997 -0.42179 -9.91852e-20)
(0.52724 -0.37397 -2.34234e-19)
(0.984903 -0.699784 6.19778e-19)
(1.14717 -0.749661 -3.2506e-19)
(1.18383 -0.704043 -1.76747e-19)
(1.18251 -0.642686 2.04678e-19)
(1.17524 -0.586366 -6.9907e-20)
(1.16812 -0.537962 2.51887e-20)
(1.16128 -0.496459 -1.36815e-20)
(1.1555 -0.460527 -4.0502e-21)
(1.15345 -0.426807 3.92057e-21)
(0.532516 -0.325141 -3.9057e-19)
(1.03035 -0.647305 -2.43851e-19)
(1.21323 -0.715371 -4.06508e-19)
(1.25429 -0.683337 4.48062e-19)
(1.24889 -0.629521 -1.86875e-20)
(1.23483 -0.577407 1.37757e-19)
(1.22079 -0.531623 1.79401e-19)
(1.20731 -0.492185 -5.78142e-20)
(1.19511 -0.458022 -8.73862e-20)
(1.1876 -0.424742 1.2904e-19)
(0.521637 -0.27096 -2.26696e-19)
(1.0558 -0.581946 -2.33076e-19)
(1.26451 -0.668157 2.86468e-19)
(1.31524 -0.651652 -4.13343e-19)
(1.30913 -0.607006 7.6367e-20)
(1.2902 -0.56019 3.66576e-20)
(1.27066 -0.517814 4.92571e-20)
(1.25212 -0.480993 -2.96195e-20)
(1.23524 -0.449145 -4.35757e-20)
(1.22329 -0.417453 -2.34987e-19)
(0.494593 -0.214915 9.22991e-19)
(1.05854 -0.506637 -5.41398e-19)
(1.29803 -0.609822 1.19584e-20)
(1.36452 -0.610382 -5.56716e-19)
(1.36197 -0.576545 -1.36746e-19)
(1.34066 -0.536196 1.18801e-19)
(1.31714 -0.498012 7.66331e-20)
(1.29477 -0.464258 -2.52058e-19)
(1.27436 -0.435044 1.34375e-19)
(1.25885 -0.40568 -1.6907e-19)
(0.45265 -0.160598 4.18214e-19)
(1.03651 -0.424792 -3.07143e-19)
(1.31078 -0.542477 1.05629e-18)
(1.39966 -0.560978 6.318e-20)
(1.40584 -0.539389 1.91808e-19)
(1.38524 -0.506575 6.37915e-19)
(1.35944 -0.473237 -1.22081e-19)
(1.33432 -0.442892 3.84729e-20)
(1.31127 -0.416541 -5.53164e-21)
(1.29288 -0.390102 -2.43877e-20)
(0.39842 -0.111337 2.96578e-19)
(0.988548 -0.340214 5.79367e-19)
(1.29983 -0.468482 -5.13985e-19)
(1.4179 -0.504888 -1.25095e-19)
(1.43886 -0.49666 -1.29091e-19)
(1.42282 -0.472352 2.42446e-19)
(1.39689 -0.444461 -1.07949e-19)
(1.3702 -0.41782 2.5005e-19)
(1.3453 -0.394455 6.35701e-20)
(1.32456 -0.371339 -8.72579e-20)
(0.335738 -0.0698215 -3.20092e-19)
(0.914787 -0.257028 2.31201e-19)
(1.26249 -0.390479 -4.48154e-19)
(1.41617 -0.44359 1.68153e-19)
(1.45873 -0.449378 -1.5435e-19)
(1.45213 -0.434461 -1.68576e-19)
(1.42884 -0.412615 -1.21828e-19)
(1.40206 -0.389961 1.30068e-19)
(1.37619 -0.369583 -2.22935e-19)
(1.35373 -0.349941 1.1132e-19)
(0.269266 -0.0377621 -1.13205e-19)
(0.817188 -0.179594 -1.83493e-19)
(1.19669 -0.311429 8.14894e-20)
(1.39101 -0.378621 7.0599e-21)
(1.46255 -0.398435 5.33363e-20)
(1.47136 -0.393648 6.85546e-20)
(1.45444 -0.378468 5.42439e-20)
(1.42955 -0.360117 -7.15448e-20)
(1.40376 -0.342664 5.68796e-20)
(1.38026 -0.326426 -7.07073e-20)
(0.203813 -0.0156736 -6.53338e-20)
(0.700182 -0.112274 -2.11404e-20)
(1.10149 -0.234631 7.64645e-20)
(1.33877 -0.311654 -3.38172e-20)
(1.44652 -0.344596 8.18792e-20)
(1.47786 -0.350404 -9.779e-20)
(1.47228 -0.342521 2.45451e-20)
(1.45211 -0.328883 1.98212e-20)
(1.42786 -0.314355 -6.72097e-21)
(1.40417 -0.301295 2.4284e-20)
(0.143568 -0.00288279 -7.06058e-20)
(0.571066 -0.0588942 -2.70262e-19)
(0.978044 -0.163712 -2.10462e-20)
(1.25596 -0.244639 7.3687e-21)
(1.40585 -0.288592 -3.07266e-19)
(1.46762 -0.30495 3.12638e-20)
(1.47986 -0.304933 -3.1433e-20)
(1.46854 -0.296542 -7.83975e-20)
(1.44804 -0.285068 1.64697e-19)
(1.42548 -0.274933 -2.35444e-19)
(0.0915219 0.00220714 -3.69814e-20)
(0.439543 -0.0218713 5.68771e-19)
(0.830798 -0.102562 7.76343e-20)
(1.14036 -0.180049 -4.63215e-19)
(1.33499 -0.231336 -5.67747e-20)
(1.43493 -0.257338 -4.57304e-19)
(1.47293 -0.265507 3.34845e-19)
(1.47636 -0.262991 -1.25744e-19)
(1.46323 -0.255001 2.32477e-19)
(1.44358 -0.247628 -1.55236e-19)
(0.0492464 0.00167904 -2.30896e-19)
(0.315822 -0.00129978 2.21142e-19)
(0.668698 -0.0549647 -1.48381e-19)
(0.992821 -0.121171 1.00223e-18)
(1.22872 -0.174324 5.00044e-19)
(1.37241 -0.207715 -1.20222e-19)
(1.44483 -0.22377 4.55129e-19)
(1.47091 -0.227667 -2.77508e-19)
(1.47062 -0.223739 -7.71606e-20)
(1.45783 -0.21926 4.76786e-19)
(0.0170262 -0.0023448 -4.26803e-19)
(0.208041 0.00522145 5.21686e-19)
(0.504818 -0.0235689 -9.68654e-19)
(0.819918 -0.0721667 1.57791e-19)
(1.08456 -0.120255 3.80867e-19)
(1.27204 -0.156878 -4.56641e-19)
(1.38625 -0.179317 -7.5852e-19)
(1.44426 -0.189658 3.90326e-19)
(1.46499 -0.190542 -4.62664e-19)
(1.46426 -0.189356 5.72945e-19)
(-0.00580108 -0.00800724 -1.04035e-19)
(0.120659 0.0017036 -5.35566e-19)
(0.35319 -0.00850214 2.48925e-19)
(0.635239 -0.0371655 6.0772e-19)
(0.906888 -0.0735172 -3.11813e-19)
(1.1285 -0.107306 -2.95034e-19)
(1.28635 -0.132559 -4.78774e-19)
(1.38484 -0.148096 -1.92047e-19)
(1.4361 -0.153821 -2.95799e-20)
(1.45813 -0.15653 5.63233e-19)
(-0.0204623 -0.0138601 1.74123e-19)
(0.0545361 -0.00760556 -7.22747e-19)
(0.224419 -0.0070384 1.196e-18)
(0.456644 -0.0183384 -6.29693e-19)
(0.709915 -0.0392969 4.02639e-19)
(0.945319 -0.0639459 -4.77219e-19)
(1.13799 -0.0863429 5.11897e-19)
(1.27898 -0.103429 4.25039e-19)
(1.36972 -0.112602 8.19504e-19)
(1.42495 -0.119024 -1.04345e-18)
(-0.0284599 -0.0189624 -5.37929e-19)
(0.00803036 -0.0193703 9.25071e-19)
(0.123479 -0.0150599 1.70205e-20)
(0.300226 -0.0147875 -3.01064e-19)
(0.514898 -0.0212082 -1.46706e-19)
(0.738861 -0.0329992 1.191e-19)
(0.946119 -0.0466539 -8.39419e-19)
(1.11986 -0.0596469 5.92454e-19)
(1.24905 -0.0677018 -7.46514e-19)
(1.35023 -0.0747118 -2.36097e-19)
(-0.031429 -0.0230118 9.47329e-19)
(-0.0218161 -0.0318118 -2.44902e-19)
(0.050549 -0.029116 -4.5472e-19)
(0.17586 -0.0236418 1.17885e-18)
(0.342675 -0.0197485 -1.12155e-18)
(0.534477 -0.0190086 6.11272e-19)
(0.731547 -0.0206676 6.32197e-19)
(0.917445 -0.0241949 1.62905e-19)
(1.07203 -0.0262525 1.63684e-19)
(1.21194 -0.0266576 -1.52561e-19)
(-0.0310861 -0.0264146 -9.25415e-19)
(-0.038522 -0.044718 7.44667e-19)
(0.00284453 -0.0473735 -6.27838e-19)
(0.0866358 -0.041892 7.67464e-19)
(0.207289 -0.0328195 -2.17412e-19)
(0.357034 -0.0228672 -7.60823e-19)
(0.524587 -0.0131136 2.10423e-19)
(0.697946 -0.00405476 -3.19021e-19)
(0.860643 0.00268808 -3.53422e-19)
(1.01052 0.0192896 -7.97055e-19)
(-0.0291194 -0.0300915 -1.21454e-18)
(-0.0458788 -0.0587328 8.00959e-19)
(-0.0244026 -0.0689303 -1.50947e-18)
(0.0298623 -0.0667459 2.5967e-19)
(0.113233 -0.056613 -9.82673e-19)
(0.222266 -0.0416055 -5.87242e-19)
(0.352064 -0.0235963 1.37772e-18)
(0.49654 -0.00399858 -1.87202e-18)
(0.642821 0.0175345 3.59118e-19)
(0.809793 0.0270993 -4.85563e-19)
(-0.0269063 -0.0349442 6.06306e-19)
(-0.0476841 -0.0741972 2.29016e-19)
(-0.0375789 -0.0923552 -7.79246e-20)
(-0.00218075 -0.0946151 5.59576e-19)
(0.0549514 -0.0855936 1.61687e-18)
(0.131641 -0.0687284 5.59011e-19)
(0.226069 -0.0462844 5.7136e-19)
(0.336034 -0.0198496 -1.93111e-19)
(0.454691 0.0106627 -1.8899e-18)
(0.598977 0.0296794 3.48638e-19)
(-0.0251679 -0.041203 -1.84434e-19)
(-0.0471231 -0.0901729 4.8684e-19)
(-0.0435714 -0.114768 -1.22169e-19)
(-0.020247 -0.120535 8.15235e-19)
(0.0192854 -0.112718 -1.80584e-18)
(0.0729592 -0.0952888 1.64344e-19)
(0.139671 -0.0708356 -8.49139e-19)
(0.218647 -0.040982 1.26298e-18)
(0.307999 -0.00699254 -3.54391e-19)
(0.41389 0.0218482 -3.91701e-20)
(-0.0238656 -0.0480308 -1.23524e-19)
(-0.0461362 -0.104198 -5.83092e-19)
(-0.0478783 -0.132125 1.42108e-18)
(-0.0342057 -0.139083 -7.04312e-19)
(-0.00809308 -0.131253 3.71938e-20)
(0.0286164 -0.113163 2.1143e-19)
(0.0749157 -0.0877073 -2.1817e-19)
(0.130378 -0.0566905 2.55084e-19)
(0.194704 -0.0219706 9.05037e-19)
(0.266873 0.0108196 1.82852e-19)
(-0.0224946 -0.0536246 -2.92338e-19)
(-0.0453993 -0.112888 -2.68907e-19)
(-0.053446 -0.140419 -1.12114e-18)
(-0.0498759 -0.14608 5.79141e-19)
(-0.0364518 -0.137001 -1.16243e-18)
(-0.0144025 -0.118076 2.50781e-19)
(0.0155722 -0.0923813 2.80215e-19)
(0.0531235 -0.0618913 -3.1287e-19)
(0.0974537 -0.0286269 -2.03092e-19)
(0.146252 0.00269626 -6.52509e-19)
(-0.0205705 -0.0557814 2.35764e-19)
(-0.0448535 -0.11308 -4.55362e-20)
(-0.0608358 -0.13702 -2.89707e-21)
(-0.0685158 -0.139879 -5.3652e-19)
(-0.0680848 -0.129344 1.29696e-18)
(-0.0600085 -0.110315 -1.94974e-19)
(-0.0445404 -0.0858266 -4.95906e-19)
(-0.0221025 -0.0578855 5.93177e-19)
(0.00576877 -0.0285723 -2.10498e-19)
(0.0389123 -0.0022039 8.52695e-19)
(-0.0179889 -0.0526712 -4.44195e-20)
(-0.0442663 -0.102922 -2.13764e-19)
(-0.0690998 -0.121412 -7.96046e-20)
(-0.0882463 -0.121456 -9.64652e-20)
(-0.100284 -0.110533 -2.00118e-19)
(-0.105049 -0.0931032 -6.27238e-19)
(-0.1025 -0.0718804 7.69178e-19)
(-0.0933175 -0.0486995 4.5025e-19)
(-0.0792863 -0.0254699 -7.67179e-20)
(-0.0577312 -0.00558274 -5.21547e-19)
(-0.0151088 -0.0434817 2.52518e-19)
(-0.0435502 -0.0824018 3.60225e-20)
(-0.0767554 -0.0949957 2.28879e-19)
(-0.106049 -0.093376 -2.79524e-20)
(-0.128639 -0.0838469 1.92317e-19)
(-0.14401 -0.0699715 2.13063e-19)
(-0.15211 -0.0538741 3.18515e-19)
(-0.154006 -0.0369889 -8.88849e-19)
(-0.151331 -0.0207564 -1.64631e-19)
(-0.139381 -0.00731095 2.1785e-19)
(-0.0125926 -0.0287044 -1.27426e-19)
(-0.0428397 -0.0532342 -1.48133e-19)
(-0.082513 -0.0603687 -6.85719e-20)
(-0.119287 -0.0586048 3.13084e-19)
(-0.149425 -0.0521549 1.47056e-19)
(-0.172313 -0.0433097 2.89308e-20)
(-0.188076 -0.0334054 -6.2414e-20)
(-0.198149 -0.0233279 -4.72968e-20)
(-0.203901 -0.013917 4.09806e-19)
(-0.199621 -0.00622338 -2.07767e-19)
(-0.0111225 -0.010029 6.48935e-20)
(-0.0423884 -0.0183922 6.5878e-20)
(-0.0855682 -0.0206784 -5.3069e-20)
(-0.126287 -0.0199444 -4.62792e-20)
(-0.160341 -0.0176698 -4.61105e-20)
(-0.187129 -0.0146426 -7.27344e-20)
(-0.206938 -0.0113161 1.35059e-21)
(-0.221418 -0.00798577 9.70268e-20)
(-0.231762 -0.00491961 -9.68704e-20)
(-0.231913 -0.00241841 1.30951e-19)
(-0.0523465 -0.015064 4.43286e-21)
(0.190342 -0.0183722 -8.51709e-22)
(0.587117 -0.0126448 -4.15399e-22)
(0.802075 -0.00691922 1.98141e-22)
(0.915838 -0.00319405 3.63338e-23)
(0.963639 -0.0013598 -4.20651e-23)
(0.983271 -0.00058307 -5.73667e-23)
(0.992318 -0.000252363 1.88582e-23)
(0.996038 -0.000123022 -1.48077e-24)
(0.998652 -5.1759e-05 1.3896e-23)
(0.0359239 -0.0455897 9.84878e-21)
(0.225706 -0.0531595 3.71749e-21)
(0.600449 -0.0372857 2.52959e-21)
(0.807318 -0.0205407 -3.78185e-21)
(0.917727 -0.0095097 -2.3203e-22)
(0.964266 -0.00405732 1.9347e-22)
(0.983463 -0.00174311 -2.23029e-22)
(0.992376 -0.000758034 -5.72102e-23)
(0.996057 -0.000371121 -1.17837e-22)
(0.998658 -0.000155624 -1.20042e-23)
(0.187928 -0.0773867 6.18154e-21)
(0.294927 -0.0831237 -5.02917e-21)
(0.626847 -0.0600727 -1.93586e-21)
(0.817729 -0.0334963 3.49069e-21)
(0.921492 -0.015577 -2.42022e-22)
(0.965522 -0.00666482 1.73838e-22)
(0.98385 -0.00287301 8.22085e-23)
(0.992492 -0.00125443 -2.07042e-23)
(0.996096 -0.000616293 8.15191e-23)
(0.998669 -0.000258676 -1.62873e-23)
(0.366591 -0.110709 -1.62469e-20)
(0.391292 -0.107257 -1.27792e-20)
(0.664913 -0.0800101 1.00362e-22)
(0.832902 -0.0453718 -2.48885e-21)
(0.927033 -0.0212375 3.80408e-21)
(0.967387 -0.00912378 -1.11501e-21)
(0.98443 -0.00395277 6.59275e-23)
(0.992667 -0.00173528 -9.30831e-23)
(0.996155 -0.000856516 9.5626e-23)
(0.998686 -0.000360347 6.96669e-24)
(0.540735 -0.144063 3.56957e-20)
(0.502986 -0.125885 1.08014e-21)
(0.71155 -0.0964747 -8.80267e-22)
(0.851889 -0.055833 6.05158e-21)
(0.9341 -0.0263583 -2.968e-21)
(0.969806 -0.0113828 -8.50046e-22)
(0.985194 -0.00496389 -6.72101e-22)
(0.992903 -0.00219446 -1.54173e-22)
(0.996236 -0.00108972 -2.2732e-22)
(0.998709 -0.000460037 -3.04571e-23)
(0.696379 -0.174604 -1.07481e-20)
(0.618294 -0.139157 2.13095e-20)
(0.762608 -0.109063 1.20482e-21)
(0.873288 -0.0646399 -7.38518e-21)
(0.942288 -0.030851 1.64761e-21)
(0.972681 -0.0134064 1.07596e-21)
(0.986125 -0.0058924 7.14732e-22)
(0.993196 -0.00262704 1.84916e-22)
(0.996338 -0.00131413 9.7063e-23)
(0.998739 -0.000557189 4.46105e-23)
(0.833414 -0.201173 -1.60872e-20)
(0.729544 -0.147025 -1.81086e-20)
(0.814199 -0.117793 2.7239e-21)
(0.895581 -0.0717397 2.87727e-21)
(0.951115 -0.0346903 -1.67059e-21)
(0.975883 -0.0151777 5.01035e-22)
(0.987191 -0.00672958 -6.65713e-22)
(0.993541 -0.00302957 -2.17259e-22)
(0.996461 -0.00152838 3.60821e-23)
(0.998775 -0.000651347 1.53781e-23)
(0.956448 -0.227742 4.11986e-20)
(0.833046 -0.15363 2.743e-21)
(0.863571 -0.124688 -6.12284e-21)
(0.917497 -0.0775766 6.1169e-21)
(0.960125 -0.0379037 -2.79921e-21)
(0.979274 -0.0166726 2.02726e-21)
(0.988357 -0.00745957 9.91959e-22)
(0.993929 -0.00339491 3.19817e-22)
(0.996603 -0.00172946 2.59526e-22)
(0.998817 -0.00074162 1.92786e-23)
(1.06898 -0.256087 -5.46092e-20)
(0.927457 -0.169319 -5.46481e-21)
(0.909442 -0.133366 2.40174e-21)
(0.938291 -0.0827351 -7.38464e-21)
(0.968976 -0.0404486 3.51171e-21)
(0.98272 -0.0178333 -1.52262e-21)
(0.989573 -0.00805061 -1.10709e-21)
(0.994343 -0.00370638 -1.16227e-22)
(0.996759 -0.00190978 -1.30587e-22)
(0.998863 -0.000825789 -6.83934e-23)
(1.17015 -0.260103 -3.55123e-20)
(1.01199 -0.184915 -3.63095e-20)
(0.951877 -0.138526 -5.38311e-21)
(0.957749 -0.0856211 5.92958e-23)
(0.977438 -0.042267 3.81622e-21)
(0.986089 -0.0188018 8.6374e-22)
(0.990781 -0.00856508 -1.83966e-22)
(0.994761 -0.00398166 2.44607e-22)
(0.996921 -0.00207512 -5.37663e-23)
(0.998911 -0.0009055 5.6591e-24)
(1.48486 -0.127623 0)
(1.27222 -0.108407 0)
(1.09104 -0.0958321 0)
(1.02168 -0.0760625 0)
(1.0056 -0.0463665 0)
(0.997557 -0.0230171 0)
(0.994955 -0.0108744 0)
(0.99622 -0.0051595 0)
(0.997495 -0.00275405 0)
(0.999071 -0.00121832 0)
(1.3682 -0.0753172 0)
(1.18191 -0.112285 0)
(1.03151 -0.0655852 0)
(1.0009 -0.0374189 0)
(1.00315 -0.0252279 0)
(0.999583 -0.0156257 0)
(0.996772 -0.0089655 0)
(0.99729 -0.00492313 0)
(0.998185 -0.00306417 0)
(0.999311 -0.001509 0)
(1.26494 -0.0328983 0)
(1.15181 -0.0927221 0)
(1.03686 -0.0558453 0)
(1.00679 -0.0307535 0)
(1.00747 -0.023209 0)
(1.00377 -0.0160842 0)
(0.999763 -0.00962106 0)
(0.998925 -0.00530645 0)
(0.999119 -0.00337858 0)
(0.999642 -0.00171408 0)
(1.17977 -0.0120103 0)
(1.11982 -0.0621791 0)
(1.03969 -0.0394587 0)
(1.01071 -0.0196697 0)
(1.00913 -0.0160098 0)
(1.00598 -0.0128531 0)
(1.00185 -0.00848405 0)
(1.00022 -0.00492642 0)
(0.999924 -0.00331405 0)
(0.999944 -0.00175469 0)
(1.12351 0.00291737 0)
(1.0926 -0.0366631 0)
(1.03847 -0.0298074 0)
(1.0132 -0.0154077 0)
(1.01002 -0.0122192 0)
(1.00736 -0.0105779 0)
(1.0035 -0.00749064 0)
(1.00135 -0.00448756 0)
(1.00066 -0.00310412 0)
(1.00023 -0.00168536 0)
(1.08528 0.00635342 0)
(1.07142 -0.0229328 0)
(1.03678 -0.0229393 0)
(1.01573 -0.0122782 0)
(1.0109 -0.00901552 0)
(1.00821 -0.00817171 0)
(1.0047 -0.0061947 0)
(1.00226 -0.00383755 0)
(1.00129 -0.00272218 0)
(1.00047 -0.00150975 0)
(1.06035 0.00653032 0)
(1.05617 -0.0127114 0)
(1.0346 -0.0158646 0)
(1.01746 -0.00919619 0)
(1.01155 -0.00644967 0)
(1.00867 -0.00601102 0)
(1.00551 -0.00482927 0)
(1.00296 -0.00308272 0)
(1.00179 -0.00222829 0)
(1.00067 -0.00125472 0)
(1.04476 0.00555629 0)
(1.0455 -0.00646779 0)
(1.03237 -0.0103106 0)
(1.01854 -0.00653096 0)
(1.01209 -0.00440676 0)
(1.00894 -0.00410954 0)
(1.00604 -0.0034415 0)
(1.00347 -0.00225005 0)
(1.00218 -0.00164912 0)
(1.00082 -0.000938448 0)
(1.03562 0.00348182 0)
(1.03883 -0.0030185 0)
(1.03069 -0.00579069 0)
(1.01918 -0.00390413 0)
(1.01248 -0.0025712 0)
(1.0091 -0.00238641 0)
(1.00636 -0.00205606 0)
(1.00379 -0.00136759 0)
(1.00244 -0.00101176 0)
(1.00092 -0.000579676 0)
(1.03141 0.00117958 0)
(1.03562 -0.000858685 0)
(1.02979 -0.00184982 0)
(1.01946 -0.00128947 0)
(1.01267 -0.000841384 0)
(1.00917 -0.000780374 0)
(1.0065 -0.000682939 0)
(1.00395 -0.000458471 0)
(1.00256 -0.000340809 0)
(1.00098 -0.000195941 0)
(1.32548 0.184843 3.21476e-21)
(1.33971 0.172772 1.11049e-20)
(1.35823 0.160852 -2.31675e-20)
(1.36882 0.148012 -8.6015e-21)
(1.38961 0.135508 5.47398e-20)
(1.39284 0.120966 5.9471e-20)
(1.4168 0.106876 -1.05257e-19)
(1.40078 0.0882291 2.54384e-21)
(1.42507 0.0705128 -3.61326e-20)
(1.36829 0.0457475 -1.54664e-19)
(1.21808 0.143145 -8.62566e-22)
(1.22705 0.136238 1.32327e-20)
(1.23783 0.129174 -1.12175e-20)
(1.24567 0.121534 2.59508e-20)
(1.25727 0.113792 -3.66663e-20)
(1.26372 0.105613 -3.60227e-21)
(1.2763 0.0969867 4.57902e-20)
(1.28162 0.0884646 -5.05086e-20)
(1.29513 0.0778465 -3.98563e-20)
(1.30496 0.0690129 5.48542e-21)
(1.14365 0.0952082 -3.04823e-21)
(1.1498 0.0915799 5.37875e-21)
(1.15606 0.0877638 -6.4861e-21)
(1.16257 0.0842687 -2.8188e-20)
(1.16935 0.0802479 4.24249e-20)
(1.17702 0.0773005 3.05544e-21)
(1.18455 0.0727359 -2.51804e-20)
(1.19449 0.0709845 4.45983e-20)
(1.20268 0.0647633 4.11243e-21)
(1.21713 0.0650946 9.4091e-21)
(1.09813 0.0675454 -8.73443e-22)
(1.1027 0.0656028 -1.66731e-21)
(1.10715 0.0634674 -1.99363e-21)
(1.11199 0.061565 1.76662e-20)
(1.11653 0.0591947 -2.13201e-20)
(1.12189 0.0575695 9.07245e-21)
(1.12638 0.0546604 -1.6168e-21)
(1.13265 0.0537292 -9.35825e-21)
(1.13713 0.0495097 3.88373e-20)
(1.14596 0.0501114 -9.12274e-21)
(1.06835 0.0480741 -5.00051e-23)
(1.07146 0.0467933 2.15452e-21)
(1.07448 0.0453925 1.31047e-21)
(1.07767 0.0440363 4.93716e-21)
(1.0807 0.0424852 1.15332e-20)
(1.08417 0.0412106 -1.19156e-20)
(1.08728 0.0394226 -5.94494e-21)
(1.09135 0.0384914 1.42229e-20)
(1.09458 0.0361045 -1.30228e-20)
(1.10006 0.0360052 -1.47804e-21)
(1.04866 0.033671 -1.42623e-21)
(1.05096 0.0328582 1.8611e-22)
(1.05321 0.0319889 -9.5524e-22)
(1.05553 0.0310969 3.6075e-21)
(1.05778 0.0301514 -1.40946e-20)
(1.06019 0.0292478 3.16533e-21)
(1.06238 0.0281823 -6.13193e-21)
(1.06499 0.0273624 -6.95728e-21)
(1.06711 0.0259509 1.52243e-22)
(1.07041 0.0254671 2.82351e-21)
(1.03571 0.0231208 -8.00136e-22)
(1.03741 0.0226058 4.86181e-21)
(1.03906 0.0220497 -2.65782e-21)
(1.04071 0.0214445 -2.80748e-22)
(1.0423 0.0208232 6.76936e-21)
(1.04393 0.0201588 1.51122e-21)
(1.04546 0.0194708 6.89659e-21)
(1.04716 0.0187902 -4.35841e-21)
(1.04863 0.0179321 8.57586e-21)
(1.0507 0.0173578 6.00195e-21)
(1.0273 0.0150144 -2.86268e-22)
(1.02861 0.0146975 -2.32369e-22)
(1.0299 0.0143562 1.65251e-21)
(1.03116 0.0139768 -2.48258e-21)
(1.03239 0.0135999 -2.3471e-21)
(1.03362 0.0131739 6.83409e-21)
(1.03479 0.0127706 -4.36577e-21)
(1.03602 0.0123033 3.04251e-21)
(1.03709 0.0118188 -1.02175e-21)
(1.03845 0.0113458 -8.52022e-22)
(1.02231 0.00845502 4.10242e-22)
(1.0234 0.00828867 -3.2518e-21)
(1.02447 0.00810866 1.75046e-21)
(1.02551 0.00790371 5.06527e-21)
(1.02651 0.00770134 -5.14793e-21)
(1.02749 0.00746036 1.63542e-21)
(1.02841 0.00724102 2.52144e-21)
(1.02934 0.00695784 -4.51428e-21)
(1.03016 0.00669844 4.42828e-21)
(1.03112 0.0063816 -1.07419e-21)
(1.01999 0.00271033 -1.14653e-21)
(1.02097 0.00266031 2.00572e-21)
(1.02192 0.00260606 -2.77354e-22)
(1.02284 0.00254326 4.26067e-21)
(1.02373 0.00248131 -1.2378e-21)
(1.02459 0.00240512 3.642e-22)
(1.0254 0.00233736 -4.93393e-21)
(1.0262 0.00224433 1.32545e-21)
(1.02691 0.00216446 7.57163e-22)
(1.0277 0.00205457 4.31997e-22)
(1.10621 0.291932 -4.94779e-20)
(1.13784 0.283136 -7.79516e-21)
(1.16273 0.273627 -5.44379e-22)
(1.18276 0.263871 8.31489e-21)
(1.20354 0.253529 -2.02003e-20)
(1.22582 0.242525 -6.87869e-21)
(1.2486 0.23119 5.47504e-21)
(1.26951 0.219657 -9.64394e-21)
(1.28972 0.208158 1.91696e-20)
(1.3071 0.196466 1.04983e-21)
(1.09183 0.189147 2.32065e-21)
(1.10568 0.185501 -1.06049e-20)
(1.12352 0.181473 -3.62065e-21)
(1.13858 0.177702 -3.55185e-21)
(1.15056 0.174154 6.83758e-21)
(1.16176 0.170325 6.60652e-21)
(1.17356 0.165973 -9.03034e-21)
(1.1853 0.160966 6.49459e-21)
(1.19696 0.155507 -2.5446e-21)
(1.20736 0.149472 -3.87859e-21)
(1.06816 0.121138 -2.93923e-22)
(1.07492 0.119843 6.46188e-21)
(1.08572 0.118138 3.38599e-21)
(1.0962 0.11601 -9.83631e-22)
(1.10447 0.11369 -3.1588e-21)
(1.1112 0.111237 7.47618e-22)
(1.11761 0.108552 7.50487e-21)
(1.1242 0.105567 -6.02666e-21)
(1.13087 0.102299 2.71467e-21)
(1.13735 0.0988365 9.03346e-22)
(1.04843 0.0797972 8.31444e-22)
(1.05327 0.0796206 4.26982e-21)
(1.06005 0.0791853 -2.95338e-22)
(1.06662 0.0783482 1.79877e-21)
(1.07203 0.0772146 -1.9849e-21)
(1.07649 0.0759301 1.0213e-21)
(1.08062 0.0745252 1.03524e-21)
(1.08484 0.0729977 -9.22048e-22)
(1.0892 0.0713031 2.15508e-21)
(1.09369 0.0695003 -2.7523e-21)
(1.03472 0.0548626 1.19687e-21)
(1.03819 0.0549826 6.86803e-23)
(1.04256 0.0548654 -1.22797e-21)
(1.04669 0.0544733 -1.267e-21)
(1.05022 0.0538694 1.70927e-21)
(1.05328 0.0531405 -4.6668e-21)
(1.05619 0.0523201 1.95389e-21)
(1.05914 0.051419 -3.15802e-21)
(1.06217 0.0504071 1.89226e-21)
(1.06528 0.0493011 1.07217e-21)
(1.02481 0.0375196 7.75436e-22)
(1.02709 0.0376534 1.04728e-21)
(1.02993 0.0376184 3.27481e-21)
(1.03271 0.0374181 -1.97443e-22)
(1.0352 0.0370961 7.79725e-22)
(1.03747 0.0366959 -1.44347e-21)
(1.03965 0.0362313 4.24411e-21)
(1.04186 0.0357053 1.57773e-21)
(1.04411 0.0351023 7.82541e-22)
(1.04639 0.0344262 -1.11904e-21)
(1.01786 0.024837 -1.28105e-21)
(1.01949 0.0250146 -1.27809e-23)
(1.02148 0.0250942 -2.37831e-21)
(1.02348 0.0250717 -1.31338e-21)
(1.02535 0.0249673 -2.34485e-21)
(1.02712 0.0248024 3.56293e-22)
(1.02883 0.0245833 2.79706e-22)
(1.03055 0.0243103 -1.14308e-21)
(1.03227 0.0239754 2.42663e-21)
(1.034 0.0235788 -1.55849e-21)
(1.01344 0.015667 1.56278e-22)
(1.01473 0.0158503 7.75449e-22)
(1.01621 0.0159709 -2.67609e-21)
(1.0177 0.0160227 -2.37264e-21)
(1.01914 0.0160144 4.86303e-21)
(1.02053 0.0159576 -8.70617e-23)
(1.0219 0.0158568 -1.73047e-21)
(1.02326 0.0157134 -2.73745e-22)
(1.02462 0.0155244 -4.69747e-22)
(1.02597 0.0152904 -8.92126e-24)
(1.01085 0.0086668 2.24556e-22)
(1.01194 0.00879129 3.45176e-22)
(1.0131 0.00887846 9.10857e-22)
(1.01429 0.00892589 3.54197e-22)
(1.01546 0.00893831 7.11896e-22)
(1.01662 0.00892169 -4.43716e-21)
(1.01777 0.00887878 2.63134e-21)
(1.01892 0.00881081 1.84891e-21)
(1.02007 0.00871696 -2.04854e-21)
(1.0212 0.00859767 4.73581e-22)
(1.00963 0.00277239 -2.76781e-22)
(1.01063 0.00281312 -1.14216e-22)
(1.01166 0.00284065 1.46109e-22)
(1.01272 0.00285504 -2.79963e-21)
(1.01377 0.00285825 2.09327e-22)
(1.01483 0.00285242 -1.63539e-21)
(1.01588 0.00283867 3.13723e-21)
(1.01693 0.00281756 -5.50331e-22)
(1.01797 0.002789 1.79811e-21)
(1.01899 0.00275306 -1.08691e-21)
(1.00017 0.00868898 0)
(0.99941 0.0306409 0)
(0.999511 0.0480103 0)
(0.998365 0.0751841 0)
(1.00002 0.0931102 0)
(1.00073 0.12974 0)
(1.00779 0.147691 0)
(1.01605 0.20126 0)
(1.03844 0.21628 0)
(1.06966 0.295463 0)
(0.999895 0.00833905 0)
(1.00157 0.0272478 0)
(1.00381 0.0436996 0)
(1.00886 0.064667 0)
(1.014 0.0813569 0)
(1.02383 0.105518 0)
(1.03284 0.121787 0)
(1.04941 0.149251 0)
(1.06131 0.162666 0)
(1.08392 0.189696 0)
(0.99986 0.00664393 0)
(1.00193 0.021221 0)
(1.00442 0.0339807 0)
(1.01001 0.0490026 0)
(1.01478 0.0606844 0)
(1.02379 0.0761712 0)
(1.03004 0.0855089 0)
(1.04258 0.101294 0)
(1.04901 0.106368 0)
(1.06528 0.122461 0)
(0.999905 0.00474539 0)
(1.00137 0.0148809 0)
(1.00309 0.0238645 0)
(1.00693 0.0338235 0)
(1.01014 0.0416534 0)
(1.01617 0.0512796 0)
(1.02028 0.0572522 0)
(1.02877 0.0667697 0)
(1.0334 0.0701636 0)
(1.04525 0.079979 0)
(0.999947 0.00323316 0)
(1.00084 0.0100238 0)
(1.00191 0.0161777 0)
(1.00432 0.0228032 0)
(1.00653 0.028265 0)
(1.0106 0.0346355 0)
(1.01377 0.0390496 0)
(1.01972 0.0453431 0)
(1.02359 0.0482626 0)
(1.03179 0.0545023 0)
(0.999974 0.00219095 0)
(1.00055 0.0067532 0)
(1.00134 0.0109754 0)
(1.00299 0.0154712 0)
(1.0047 0.0193237 0)
(1.00759 0.0236612 0)
(1.01013 0.0268615 0)
(1.01427 0.0310564 0)
(1.0173 0.0332183 0)
(1.02266 0.0371604 0)
(0.999991 0.00146724 0)
(1.0004 0.00449887 0)
(1.00103 0.00734408 0)
(1.00222 0.0103281 0)
(1.00354 0.012941 0)
(1.00557 0.0157783 0)
(1.00749 0.0179447 0)
(1.0103 0.0206057 0)
(1.01259 0.0220759 0)
(1.01613 0.0244928 0)
(1 0.000930099 0)
(1.00029 0.00283836 0)
(1.00079 0.0046425 0)
(1.00164 0.00650551 0)
(1.00266 0.00815977 0)
(1.00409 0.00990806 0)
(1.00558 0.0112902 0)
(1.00756 0.0129122 0)
(1.0094 0.0138932 0)
(1.0119 0.01535 0)
(1 0.000511391 0)
(1.00023 0.00155594 0)
(1.00063 0.00254864 0)
(1.00128 0.00356539 0)
(1.00211 0.00447981 0)
(1.00321 0.00543336 0)
(1.00445 0.00621075 0)
(1.00598 0.00709636 0)
(1.00756 0.00766932 0)
(1.00945 0.00845424 0)
(1.00001 0.000162752 0)
(1.00019 0.000494691 0)
(1.00056 0.000811208 0)
(1.00112 0.00113485 0)
(1.00187 0.00142812 0)
(1.00282 0.00173261 0)
(1.00394 0.00198424 0)
(1.00525 0.00226676 0)
(1.0067 0.00245379 0)
(1.00831 0.00270092 0)
(0.999862 0.000655173 7.80624e-21)
(0.996207 0.00204253 -3.39848e-21)
(0.989189 0.00339937 8.71849e-21)
(0.978414 0.00505394 -5.72027e-21)
(0.963944 0.00675968 -6.2518e-21)
(0.944897 0.00911321 2.4245e-20)
(0.920983 0.0114313 -4.68847e-21)
(0.890787 0.0150863 3.36647e-20)
(0.853314 0.0181656 1.98942e-20)
(0.806978 0.0244489 -1.99572e-20)
(0.999848 0.00194873 9.41278e-21)
(0.99617 0.00608225 1.79328e-20)
(0.989226 0.0101215 2.71418e-20)
(0.97859 0.0150506 -3.76106e-20)
(0.964402 0.0201232 4.96147e-21)
(0.945647 0.0271332 1.4821e-20)
(0.922238 0.0340326 -2.55024e-20)
(0.892501 0.0449295 4.35762e-20)
(0.855885 0.0541279 -1.1699e-19)
(0.810328 0.0728661 1.63913e-19)
(0.999826 0.0031932 -3.31455e-20)
(0.996108 0.00998943 1.24872e-20)
(0.989314 0.0166196 -5.61702e-22)
(0.978954 0.0247237 -6.27985e-20)
(0.965321 0.0330347 1.56967e-20)
(0.947146 0.0445577 -3.67271e-20)
(0.924737 0.055881 4.90603e-20)
(0.895923 0.0738365 -1.2995e-19)
(0.861009 0.0890447 2.21653e-19)
(0.817078 0.119975 -1.74919e-19)
(0.999801 0.00436028 2.12092e-20)
(0.996041 0.013687 -6.9383e-21)
(0.989481 0.0227638 4.35117e-20)
(0.979526 0.0338868 -7.95933e-20)
(0.966712 0.0452343 5.01805e-20)
(0.949393 0.0610495 -1.00998e-19)
(0.928473 0.0765457 -1.63429e-20)
(0.901056 0.101283 3.20795e-19)
(0.868711 0.122313 -8.94601e-20)
(0.827318 0.165091 -2.23478e-19)
(0.999784 0.0054282 -8.6299e-20)
(0.995996 0.0171147 6.55912e-20)
(0.989756 0.0284498 -3.21387e-20)
(0.980328 0.042387 -1.40492e-19)
(0.968583 0.0565062 1.34491e-19)
(0.95238 0.0763229 -1.75475e-19)
(0.933429 0.095657 2.28053e-19)
(0.907893 0.126811 6.46672e-20)
(0.87903 0.153359 1.58904e-19)
(0.841159 0.207515 1.68488e-20)
(0.999784 0.00638398 6.79709e-20)
(0.995997 0.0202366 -1.59546e-20)
(0.990164 0.0336116 9.07878e-20)
(0.98137 0.0501173 -1.01363e-19)
(0.970924 0.0666849 9.7546e-20)
(0.956081 0.0901307 -2.74667e-20)
(0.939569 0.112871 5.72922e-20)
(0.916397 0.150004 -1.77162e-19)
(0.891987 0.181572 -3.04045e-19)
(0.858657 0.246684 1.83839e-19)
(0.999807 0.00722212 -3.29702e-20)
(0.996062 0.0230476 -2.69264e-20)
(0.990711 0.0382432 1.29612e-20)
(0.982642 0.0570546 -8.96236e-20)
(0.973682 0.0757096 3.14843e-19)
(0.960427 0.102302 -2.58124e-19)
(0.946822 0.127873 1.30276e-19)
(0.926499 0.170296 -2.21291e-19)
(0.907609 0.206428 -6.20686e-20)
(0.879835 0.281276 4.71445e-19)
(0.999859 0.00793588 3.94179e-20)
(0.996216 0.0255583 -4.52871e-21)
(0.991402 0.0424153 -3.95993e-20)
(0.984126 0.0633346 4.82748e-20)
(0.976758 0.0837669 1.37503e-19)
(0.965286 0.112999 -3.01247e-19)
(0.954962 0.140666 2.43348e-19)
(0.938132 0.187166 -5.48143e-19)
(0.925756 0.226651 4.49297e-19)
(0.904963 0.311523 -1.18725e-19)
(0.999945 0.00850819 -4.32825e-20)
(0.996522 0.0277232 4.97912e-20)
(0.992309 0.0461705 -8.93854e-20)
(0.98588 0.0691444 -5.39697e-20)
(0.980118 0.0912427 1.16693e-21)
(0.970569 0.122749 7.73728e-20)
(0.963568 0.152032 -3.92943e-19)
(0.950953 0.200828 4.3641e-19)
(0.946441 0.240546 -3.85308e-19)
(0.933391 0.332444 1.71962e-19)
(1.00006 0.00890182 -2.51479e-20)
(0.997066 0.0292669 2.18787e-21)
(0.993612 0.0488175 -8.50812e-21)
(0.988144 0.073515 -6.35301e-20)
(0.983979 0.0967152 -4.84127e-20)
(0.976499 0.129804 2.83895e-19)
(0.972602 0.160123 2.29475e-19)
(0.96457 0.208803 -1.03491e-19)
(0.967931 0.249035 -2.31777e-20)
(0.974749 0.318807 -4.94658e-19)
(1.00006 -0.00890182 -2.51206e-20)
(0.997066 -0.0292669 1.64295e-20)
(0.993612 -0.0488175 -6.80041e-21)
(0.988144 -0.073515 1.04741e-19)
(0.983979 -0.096715 5.91697e-20)
(0.976499 -0.129803 -2.39437e-19)
(0.972602 -0.160122 -1.99526e-19)
(0.96457 -0.208802 1.34254e-19)
(0.967931 -0.249033 1.44589e-20)
(0.974748 -0.318806 5.07694e-19)
(0.999945 -0.00850819 1.87473e-20)
(0.996522 -0.0277232 -1.04503e-19)
(0.992309 -0.0461705 6.23105e-20)
(0.98588 -0.0691444 -3.64391e-20)
(0.980118 -0.0912426 -5.77401e-20)
(0.970569 -0.122749 -3.14098e-20)
(0.963568 -0.152032 3.30914e-19)
(0.950953 -0.200828 -3.68935e-19)
(0.946441 -0.240545 4.34007e-19)
(0.933391 -0.332442 -2.40509e-19)
(0.999859 -0.00793589 -1.1097e-20)
(0.996216 -0.0255583 4.08436e-20)
(0.991402 -0.0424153 6.86613e-20)
(0.984126 -0.0633345 -1.36127e-20)
(0.976758 -0.0837668 -1.88374e-19)
(0.965286 -0.112998 2.27274e-19)
(0.954962 -0.140666 -2.23664e-19)
(0.938132 -0.187166 5.08549e-19)
(0.925756 -0.22665 -5.00712e-19)
(0.904963 -0.311522 1.59449e-19)
(0.999807 -0.00722212 -2.97138e-21)
(0.996062 -0.0230477 5.45733e-20)
(0.990711 -0.0382432 -5.01268e-20)
(0.982642 -0.0570545 1.92671e-19)
(0.973682 -0.0757094 -2.39386e-20)
(0.960427 -0.102301 -2.66767e-20)
(0.946822 -0.127873 -1.35202e-19)
(0.926498 -0.170296 9.90098e-20)
(0.907609 -0.206427 5.07864e-20)
(0.879835 -0.281275 -4.90529e-19)
(0.999784 -0.00638398 5.99717e-20)
(0.995997 -0.0202366 -1.82988e-20)
(0.990164 -0.0336116 5.10891e-20)
(0.98137 -0.0501173 8.51341e-20)
(0.970924 -0.0666848 -1.19755e-19)
(0.956081 -0.0901304 -1.89108e-20)
(0.939569 -0.11287 1.65294e-20)
(0.916397 -0.150003 1.42318e-19)
(0.891987 -0.181571 2.61554e-19)
(0.858656 -0.246682 -1.52536e-19)
(0.999784 -0.0054282 -4.35037e-20)
(0.995996 -0.0171147 -2.27104e-21)
(0.989756 -0.0284498 -1.11149e-19)
(0.980328 -0.042387 1.74329e-19)
(0.968583 -0.0565061 -1.51643e-19)
(0.95238 -0.0763227 2.95449e-19)
(0.933429 -0.0956566 -3.45818e-19)
(0.907893 -0.12681 1.62577e-19)
(0.879029 -0.153358 -2.15762e-20)
(0.841159 -0.207514 2.05247e-20)
(0.999801 -0.00436028 4.30627e-20)
(0.996041 -0.0136871 -2.79651e-20)
(0.989481 -0.0227638 2.993e-20)
(0.979526 -0.0338868 -4.03983e-20)
(0.966712 -0.0452342 1.00884e-20)
(0.949393 -0.0610493 7.50775e-20)
(0.928473 -0.0765452 7.10335e-20)
(0.901056 -0.101283 -4.45422e-19)
(0.868711 -0.122312 3.74331e-21)
(0.827318 -0.16509 2.16677e-19)
(0.999826 -0.00319321 -1.85132e-20)
(0.996108 -0.00998947 3.15307e-21)
(0.989314 -0.0166197 -4.0859e-20)
(0.978954 -0.0247237 4.73157e-20)
(0.965321 -0.0330346 -1.84801e-20)
(0.947146 -0.0445575 2.00846e-20)
(0.924737 -0.0558806 -2.23444e-20)
(0.895923 -0.0738359 1.17786e-19)
(0.861009 -0.0890438 -2.36122e-19)
(0.817078 -0.119974 1.47508e-19)
(0.999848 -0.00194873 1.31696e-20)
(0.99617 -0.0060823 -6.21541e-21)
(0.989226 -0.0101215 -5.01696e-21)
(0.97859 -0.0150506 5.65387e-20)
(0.964402 -0.0201231 -9.62953e-21)
(0.945647 -0.027133 -7.00196e-21)
(0.922238 -0.0340322 -1.29478e-20)
(0.892501 -0.0449289 -2.59535e-20)
(0.855885 -0.0541269 1.2402e-19)
(0.810328 -0.0728648 -1.75536e-19)
(0.999862 -0.000655175 7.48792e-21)
(0.996207 -0.00204257 -1.70744e-21)
(0.989189 -0.00339941 -9.01646e-21)
(0.978414 -0.00505394 1.33103e-20)
(0.963944 -0.0067596 1.01584e-20)
(0.944897 -0.009113 -3.68741e-21)
(0.920983 -0.0114309 2.33649e-20)
(0.890787 -0.0150856 -4.31918e-20)
(0.853314 -0.0181647 1.1406e-21)
(0.806978 -0.0244476 3.03351e-20)
(1.00001 -0.00016275 0)
(1.00019 -0.000494689 0)
(1.00056 -0.000811202 0)
(1.00112 -0.00113485 0)
(1.00187 -0.00142812 0)
(1.00282 -0.00173261 0)
(1.00394 -0.00198424 0)
(1.00525 -0.00226676 0)
(1.0067 -0.00245378 0)
(1.00831 -0.00270091 0)
(1 -0.000511391 0)
(1.00023 -0.00155593 0)
(1.00063 -0.00254862 0)
(1.00128 -0.00356536 0)
(1.00211 -0.00447977 0)
(1.00321 -0.00543333 0)
(1.00445 -0.0062107 0)
(1.00598 -0.0070963 0)
(1.00756 -0.00766924 0)
(1.00945 -0.00845416 0)
(1 -0.000930103 0)
(1.00029 -0.00283835 0)
(1.00079 -0.00464247 0)
(1.00164 -0.00650546 0)
(1.00266 -0.00815973 0)
(1.00409 -0.00990802 0)
(1.00558 -0.0112902 0)
(1.00756 -0.0129121 0)
(1.0094 -0.013893 0)
(1.0119 -0.0153498 0)
(0.999991 -0.00146724 0)
(1.0004 -0.00449885 0)
(1.00103 -0.00734404 0)
(1.00222 -0.010328 0)
(1.00354 -0.0129409 0)
(1.00557 -0.0157782 0)
(1.00749 -0.0179447 0)
(1.0103 -0.0206056 0)
(1.01259 -0.0220758 0)
(1.01613 -0.0244926 0)
(0.999974 -0.00219094 0)
(1.00055 -0.00675317 0)
(1.00134 -0.0109754 0)
(1.00299 -0.0154711 0)
(1.0047 -0.0193236 0)
(1.00759 -0.0236611 0)
(1.01013 -0.0268614 0)
(1.01427 -0.0310562 0)
(1.0173 -0.0332182 0)
(1.02266 -0.0371603 0)
(0.999947 -0.00323314 0)
(1.00084 -0.0100237 0)
(1.00191 -0.0161776 0)
(1.00432 -0.0228031 0)
(1.00653 -0.0282649 0)
(1.0106 -0.0346354 0)
(1.01377 -0.0390495 0)
(1.01972 -0.045343 0)
(1.02359 -0.0482624 0)
(1.03179 -0.0545021 0)
(0.999905 -0.00474536 0)
(1.00137 -0.0148809 0)
(1.00309 -0.0238645 0)
(1.00693 -0.0338234 0)
(1.01014 -0.0416533 0)
(1.01617 -0.0512795 0)
(1.02028 -0.0572521 0)
(1.02877 -0.0667696 0)
(1.0334 -0.0701634 0)
(1.04525 -0.0799788 0)
(0.99986 -0.0066439 0)
(1.00193 -0.021221 0)
(1.00442 -0.0339806 0)
(1.01001 -0.0490024 0)
(1.01478 -0.0606842 0)
(1.02379 -0.076171 0)
(1.03004 -0.0855086 0)
(1.04258 -0.101294 0)
(1.04901 -0.106368 0)
(1.06528 -0.122461 0)
(0.999895 -0.00833903 0)
(1.00157 -0.0272477 0)
(1.00381 -0.0436996 0)
(1.00886 -0.0646668 0)
(1.014 -0.0813567 0)
(1.02383 -0.105518 0)
(1.03284 -0.121787 0)
(1.04941 -0.14925 0)
(1.06131 -0.162665 0)
(1.08392 -0.189695 0)
(1.00017 -0.00868898 0)
(0.99941 -0.0306408 0)
(0.999511 -0.0480103 0)
(0.998365 -0.0751839 0)
(1.00002 -0.09311 0)
(1.00073 -0.12974 0)
(1.00779 -0.14769 0)
(1.01605 -0.201259 0)
(1.03844 -0.216279 0)
(1.06966 -0.295462 0)
(1.00963 -0.00277238 -1.98657e-22)
(1.01063 -0.0028131 -3.69829e-22)
(1.01166 -0.00284063 -7.37061e-22)
(1.01272 -0.00285503 -3.61126e-22)
(1.01377 -0.00285824 2.88709e-21)
(1.01483 -0.00285243 1.08861e-21)
(1.01588 -0.00283869 -3.07329e-21)
(1.01693 -0.0028176 2.69735e-22)
(1.01797 -0.00278905 -1.79314e-21)
(1.01899 -0.00275314 1.05862e-21)
(1.01085 -0.00866673 4.83497e-22)
(1.01194 -0.00879124 -1.95729e-21)
(1.0131 -0.00887841 2.12898e-21)
(1.01429 -0.00892585 1.74254e-22)
(1.01546 -0.00893828 -6.5389e-22)
(1.01662 -0.00892167 3.56256e-21)
(1.01777 -0.00887879 -3.60278e-21)
(1.01892 -0.00881083 -1.50572e-21)
(1.02007 -0.00871701 2.77876e-21)
(1.0212 -0.00859775 -3.74027e-22)
(1.01344 -0.0156668 2.23432e-22)
(1.01473 -0.0158501 5.50998e-22)
(1.01621 -0.0159707 -1.28272e-21)
(1.0177 -0.0160225 -2.30569e-21)
(1.01914 -0.0160143 -6.48263e-22)
(1.02053 -0.0159575 1.30917e-21)
(1.0219 -0.0158568 1.70477e-21)
(1.02326 -0.0157133 -1.25386e-21)
(1.02462 -0.0155244 -3.8502e-22)
(1.02597 -0.0152905 2.64062e-22)
(1.01786 -0.0248369 -1.02522e-21)
(1.01949 -0.0250144 -1.89929e-21)
(1.02148 -0.025094 1.81033e-21)
(1.02348 -0.0250716 -2.3285e-21)
(1.02535 -0.0249672 -4.81342e-22)
(1.02712 -0.0248023 -3.59289e-21)
(1.02883 -0.0245833 1.7025e-22)
(1.03054 -0.0243103 3.16642e-21)
(1.03227 -0.0239755 -3.43917e-21)
(1.034 -0.0235789 6.82848e-22)
(1.02481 -0.0375195 8.05917e-22)
(1.02709 -0.0376533 7.45844e-22)
(1.02993 -0.0376183 1.18949e-21)
(1.03271 -0.037418 2.2545e-21)
(1.0352 -0.037096 -1.14801e-21)
(1.03747 -0.0366958 7.17594e-21)
(1.03965 -0.0362313 -1.8314e-21)
(1.04186 -0.0357053 -4.41335e-22)
(1.04411 -0.0351024 -2.68296e-22)
(1.04639 -0.0344264 1.23649e-21)
(1.03472 -0.0548623 1.17036e-21)
(1.03819 -0.0549823 2.31784e-22)
(1.04256 -0.0548651 -1.7955e-21)
(1.04669 -0.054473 1.98248e-21)
(1.05022 -0.0538692 4.38117e-21)
(1.05328 -0.0531403 -4.05509e-21)
(1.05619 -0.05232 -2.31011e-21)
(1.05914 -0.0514189 -5.54752e-22)
(1.06217 -0.0504071 -1.40821e-21)
(1.06528 -0.0493011 8.92416e-23)
(1.04843 -0.0797969 -8.84088e-22)
(1.05327 -0.0796204 5.7752e-21)
(1.06005 -0.079185 1.51238e-21)
(1.06662 -0.0783479 1.06723e-21)
(1.07203 -0.0772143 -2.28046e-21)
(1.07649 -0.0759298 8.41907e-21)
(1.08062 -0.074525 -7.7934e-21)
(1.08484 -0.0729975 -2.20156e-21)
(1.0892 -0.0713029 9.38499e-22)
(1.09369 -0.0695002 6.11078e-22)
(1.06816 -0.121137 3.25561e-21)
(1.07492 -0.119842 2.94404e-21)
(1.08572 -0.118137 3.82188e-21)
(1.0962 -0.116009 1.03463e-21)
(1.10447 -0.11369 9.09538e-22)
(1.1112 -0.111237 -1.30784e-20)
(1.11761 -0.108551 1.13357e-20)
(1.1242 -0.105566 2.40188e-21)
(1.13086 -0.102298 -3.74391e-21)
(1.13735 -0.0988361 2.65138e-21)
(1.09183 -0.189146 1.74474e-21)
(1.10568 -0.1855 -9.47952e-21)
(1.12352 -0.181471 -4.60358e-21)
(1.13858 -0.177701 -1.99262e-22)
(1.15056 -0.174152 8.60458e-22)
(1.16176 -0.170324 9.77608e-21)
(1.17356 -0.165971 -1.0823e-20)
(1.18529 -0.160965 1.07001e-20)
(1.19696 -0.155506 -9.50285e-21)
(1.20735 -0.149471 5.16804e-22)
(1.10621 -0.29193 3.97778e-20)
(1.13784 -0.283134 8.73114e-21)
(1.16273 -0.273625 9.13367e-22)
(1.18276 -0.263868 -5.81465e-21)
(1.20354 -0.253527 1.53155e-20)
(1.22582 -0.242522 -2.20742e-22)
(1.2486 -0.231187 7.39335e-22)
(1.26951 -0.219654 1.17498e-21)
(1.28972 -0.208154 7.74563e-21)
(1.3071 -0.196462 1.61761e-22)
(1.01999 -0.00271043 1.17599e-21)
(1.02097 -0.00266042 -2.01129e-21)
(1.02192 -0.00260619 6.22923e-22)
(1.02284 -0.00254339 -4.3462e-21)
(1.02373 -0.00248146 2.03514e-21)
(1.02459 -0.00240528 4.18164e-21)
(1.0254 -0.00233754 -8.35215e-22)
(1.0262 -0.00224454 -2.00675e-22)
(1.02691 -0.0021647 2.54329e-22)
(1.0277 -0.00205485 5.83974e-22)
(1.02231 -0.00845513 -5.14421e-22)
(1.0234 -0.0082888 2.4105e-21)
(1.02447 -0.00810881 -2.17544e-21)
(1.02551 -0.00790389 -3.7141e-21)
(1.02651 -0.00770154 6.53612e-21)
(1.02749 -0.00746059 -3.32763e-22)
(1.02841 -0.00724131 2.3597e-21)
(1.02934 -0.00695816 -1.82077e-21)
(1.03016 -0.00669885 -4.06091e-22)
(1.03112 -0.00638207 -5.21412e-22)
(1.0273 -0.0150145 1.5753e-23)
(1.02861 -0.0146977 -9.63044e-23)
(1.0299 -0.0143563 3.69234e-22)
(1.03116 -0.013977 2.60574e-21)
(1.03239 -0.0136002 4.93489e-22)
(1.03362 -0.0131742 -2.71358e-21)
(1.03479 -0.012771 -4.5533e-21)
(1.03602 -0.0123038 6.08354e-21)
(1.03709 -0.0118194 -1.59832e-21)
(1.03845 -0.0113465 -6.7562e-22)
(1.03571 -0.023121 1.73327e-21)
(1.03741 -0.0226061 -2.3082e-21)
(1.03906 -0.02205 2.97278e-21)
(1.04071 -0.0214449 -3.23856e-22)
(1.0423 -0.0208236 -5.92369e-22)
(1.04393 -0.0201593 4.56702e-21)
(1.04546 -0.0194715 3.52673e-21)
(1.04716 -0.018791 7.79647e-21)
(1.04863 -0.0179331 2.17352e-21)
(1.0507 -0.0173588 6.97813e-21)
(1.04866 -0.0336713 1.30651e-21)
(1.05096 -0.0328585 -7.86964e-22)
(1.05321 -0.0319892 -3.84015e-21)
(1.05553 -0.0310973 -7.86864e-21)
(1.05778 -0.0301519 2.56962e-21)
(1.06019 -0.0292484 -1.18634e-21)
(1.06238 -0.0281832 2.66069e-21)
(1.06499 -0.0273633 -1.4087e-20)
(1.06711 -0.025952 -1.53347e-21)
(1.07041 -0.0254683 3.06584e-21)
(1.06835 -0.0480742 -1.21991e-21)
(1.07146 -0.0467936 -2.76615e-21)
(1.07448 -0.0453929 4.52324e-21)
(1.07767 -0.0440368 -4.62138e-21)
(1.0807 -0.0424858 9.87235e-21)
(1.08417 -0.0412113 -7.45993e-21)
(1.08728 -0.0394235 6.52656e-21)
(1.09135 -0.0384924 9.92654e-21)
(1.09458 -0.0361058 -1.26605e-20)
(1.10006 -0.0360066 -2.12342e-24)
(1.09813 -0.0675453 3.23744e-21)
(1.1027 -0.0656028 -2.54752e-21)
(1.10715 -0.0634675 -3.58954e-21)
(1.11199 -0.0615651 -3.11861e-21)
(1.11653 -0.059195 -4.0346e-21)
(1.12188 -0.0575699 6.33074e-21)
(1.12637 -0.0546609 -2.02487e-20)
(1.13265 -0.0537298 1.25533e-20)
(1.13713 -0.0495106 3.0108e-20)
(1.14596 -0.0501123 1.3687e-21)
(1.14365 -0.0952079 -8.96093e-22)
(1.1498 -0.0915797 -4.01591e-21)
(1.15606 -0.0877637 8.08339e-21)
(1.16257 -0.0842686 -1.55642e-20)
(1.16935 -0.0802481 -1.84943e-21)
(1.17702 -0.0773007 1.05061e-20)
(1.18455 -0.0727364 1.20106e-20)
(1.19449 -0.0709849 2.29103e-20)
(1.20268 -0.0647641 1.85783e-20)
(1.21712 -0.0650948 -3.24437e-21)
(1.21808 -0.143144 4.60671e-21)
(1.22705 -0.136236 3.71824e-21)
(1.23783 -0.129173 -3.7479e-21)
(1.24567 -0.121532 2.20995e-20)
(1.25727 -0.11379 -2.2258e-20)
(1.26372 -0.105611 -4.78646e-20)
(1.2763 -0.0969857 6.55634e-20)
(1.28162 -0.0884631 -3.61166e-20)
(1.29512 -0.0778463 -4.4815e-20)
(1.30495 -0.0690118 7.16076e-21)
(1.32548 -0.184838 -4.56808e-21)
(1.33971 -0.172767 -2.96715e-21)
(1.35823 -0.160846 3.86422e-20)
(1.36881 -0.148006 -7.03194e-21)
(1.3896 -0.135501 -2.75656e-20)
(1.39283 -0.120957 -2.43807e-20)
(1.41679 -0.106868 2.00827e-20)
(1.40077 -0.0882187 1.9534e-21)
(1.42506 -0.0705033 4.0701e-20)
(1.36828 -0.045734 1.27048e-19)
(1.03141 -0.00118043 0)
(1.03563 0.000857297 0)
(1.0298 0.00184943 0)
(1.01946 0.00128968 0)
(1.01268 0.000841685 0)
(1.00918 0.000780632 0)
(1.00651 0.000683105 0)
(1.00395 0.000458597 0)
(1.00257 0.000340952 0)
(1.00098 0.000196 0)
(1.03562 -0.00348365 0)
(1.03883 0.00301604 0)
(1.0307 0.00579013 0)
(1.01918 0.00390451 0)
(1.01248 0.00257171 0)
(1.0091 0.00238686 0)
(1.00636 0.00205643 0)
(1.00379 0.00136796 0)
(1.00244 0.00101209 0)
(1.00093 0.000579803 0)
(1.04476 -0.00555861 0)
(1.04551 0.00646544 0)
(1.03237 0.0103103 0)
(1.01854 0.00653135 0)
(1.01209 0.00440718 0)
(1.00895 0.00411 0)
(1.00604 0.00344203 0)
(1.00347 0.00225061 0)
(1.00218 0.00164959 0)
(1.00082 0.000938653 0)
(1.06035 -0.00653356 0)
(1.05617 0.0127084 0)
(1.03461 0.0158646 0)
(1.01746 0.00919699 0)
(1.01156 0.00645037 0)
(1.00867 0.0060118 0)
(1.00551 0.00483004 0)
(1.00296 0.00308345 0)
(1.0018 0.00222899 0)
(1.00067 0.00125503 0)
(1.08528 -0.00635729 0)
(1.07142 0.0229281 0)
(1.03679 0.0229384 0)
(1.01573 0.012279 0)
(1.01091 0.00901649 0)
(1.00821 0.00817294 0)
(1.0047 0.00619578 0)
(1.00226 0.00383859 0)
(1.00129 0.00272312 0)
(1.00047 0.00151012 0)
(1.12351 -0.00292141 0)
(1.0926 0.0366566 0)
(1.03848 0.0298047 0)
(1.01321 0.0154077 0)
(1.01003 0.0122202 0)
(1.00736 0.0105796 0)
(1.00351 0.00749211 0)
(1.00135 0.00448899 0)
(1.00066 0.00310533 0)
(1.00023 0.0016858 0)
(1.17977 0.0120053 0)
(1.11982 0.0621718 0)
(1.0397 0.0394557 0)
(1.01072 0.0196699 0)
(1.00913 0.0160115 0)
(1.00598 0.0128554 0)
(1.00186 0.00848577 0)
(1.00022 0.00492819 0)
(0.999926 0.00331567 0)
(0.999945 0.00175522 0)
(1.26494 0.0328911 0)
(1.15182 0.0927125 0)
(1.03687 0.0558421 0)
(1.0068 0.0307541 0)
(1.00748 0.0232116 0)
(1.00377 0.0160875 0)
(0.999766 0.00962317 0)
(0.998928 0.00530853 0)
(0.99912 0.00338051 0)
(0.999643 0.00171466 0)
(1.36819 0.0753049 0)
(1.18192 0.11227 0)
(1.03152 0.0655824 0)
(1.00091 0.037421 0)
(1.00316 0.0252316 0)
(0.999588 0.0156297 0)
(0.996775 0.00896801 0)
(0.997293 0.00492602 0)
(0.998186 0.0030664 0)
(0.999311 0.00150948 0)
(1.48483 0.12761 0)
(1.27222 0.108389 0)
(1.09106 0.0958251 0)
(1.0217 0.0760638 0)
(1.00562 0.0463729 0)
(0.997563 0.0230232 0)
(0.994958 0.0108774 0)
(0.996222 0.00516339 0)
(0.997496 0.00275718 0)
(0.999071 0.00121903 0)
(1.1701 0.260087 8.07368e-20)
(1.01198 0.18489 -7.68396e-21)
(0.951894 0.138517 5.40959e-21)
(0.957765 0.0856244 1.87667e-21)
(0.977448 0.0422753 -3.18504e-21)
(0.986094 0.0188087 9.76606e-23)
(0.990783 0.00856841 3.63557e-22)
(0.994763 0.00398557 8.15582e-23)
(0.996921 0.00207816 -1.95487e-23)
(0.998911 0.000906116 3.68706e-23)
(1.06892 0.256069 -7.74723e-21)
(0.927439 0.169294 -5.53522e-21)
(0.909457 0.133358 -1.0479e-21)
(0.938305 0.0827389 6.04137e-22)
(0.968984 0.0404573 3.6901e-22)
(0.982725 0.0178404 -9.48551e-22)
(0.989575 0.00805404 -1.28191e-22)
(0.994344 0.00371033 -7.20722e-22)
(0.99676 0.00191283 -6.9713e-23)
(0.998864 0.000826401 -3.60847e-23)
(0.956379 0.227725 6.51171e-20)
(0.833022 0.153604 4.63286e-21)
(0.863584 0.124679 9.07604e-22)
(0.91751 0.0775807 -3.33428e-21)
(0.960133 0.0379128 1.70425e-21)
(0.979279 0.0166799 5.31484e-22)
(0.988358 0.0074631 8.16244e-22)
(0.99393 0.0033989 6.24843e-22)
(0.996604 0.00173253 1.02103e-22)
(0.998818 0.000742235 3.28908e-23)
(0.83333 0.201158 -1.22883e-19)
(0.729515 0.146997 1.16211e-20)
(0.814209 0.117783 2.97284e-21)
(0.895593 0.0717442 1.87461e-22)
(0.951122 0.0346997 4.71114e-22)
(0.975887 0.0151852 -1.74208e-21)
(0.987193 0.00673321 1.19577e-22)
(0.993542 0.00303358 -4.84067e-23)
(0.996462 0.00153145 -4.81484e-24)
(0.998776 0.000651962 1.70811e-23)
(0.696279 0.17459 9.36235e-20)
(0.618258 0.139125 -2.70844e-20)
(0.762615 0.109052 1.22387e-22)
(0.873297 0.0646447 -4.39428e-21)
(0.942293 0.0308608 -1.11097e-21)
(0.972684 0.013414 1.47237e-21)
(0.986125 0.00589611 3.64108e-22)
(0.993196 0.00263106 3.2714e-22)
(0.996339 0.00131719 1.20186e-22)
(0.998739 0.000557802 3.27882e-23)
(0.540622 0.14405 -7.82098e-21)
(0.502948 0.125849 1.54292e-20)
(0.711554 0.0964627 8.22912e-22)
(0.851896 0.0558379 5.50187e-21)
(0.934104 0.0263682 -4.80998e-21)
(0.969808 0.0113905 -1.83532e-22)
(0.985195 0.00496767 -6.6439e-22)
(0.992903 0.00219849 -9.95567e-23)
(0.996236 0.00109277 -2.64979e-22)
(0.99871 0.00046065 -4.71747e-23)
(0.366472 0.110698 -3.5045e-20)
(0.391257 0.107218 8.06809e-21)
(0.664916 0.0799967 -2.43721e-21)
(0.832907 0.0453768 9.93808e-22)
(0.927036 0.0212476 1.96904e-21)
(0.967388 0.00913157 -4.15001e-22)
(0.98443 0.00395661 1.4976e-22)
(0.992667 0.00173931 -7.27097e-23)
(0.996155 0.000859555 5.94025e-23)
(0.998686 0.000360958 5.78301e-24)
(0.18782 0.0773778 1.11249e-20)
(0.2949 0.0830803 3.32077e-21)
(0.626849 0.0600583 -1.40959e-21)
(0.817732 0.0335013 2.61296e-21)
(0.921493 0.0155872 4.88448e-22)
(0.965523 0.00667266 -3.27474e-22)
(0.98385 0.00287689 2.31845e-22)
(0.992492 0.00125846 -1.0875e-22)
(0.996096 0.000619327 1.25963e-22)
(0.998669 0.000259288 -2.03756e-23)
(0.0358485 0.0455828 3.81571e-21)
(0.22569 0.0531124 -4.424e-21)
(0.60045 0.0372705 1.15732e-21)
(0.80732 0.0205458 -2.21777e-21)
(0.917728 0.00952001 -2.9643e-22)
(0.964267 0.00406518 2.43274e-22)
(0.983464 0.001747 -1.7062e-22)
(0.992376 0.00076205 -7.5348e-23)
(0.996057 0.000374145 -9.01811e-23)
(0.998658 0.000156236 -1.20874e-23)
(-0.0523735 0.0150583 -2.41207e-22)
(0.190337 0.0183229 1.64549e-21)
(0.587117 0.0126293 -3.26459e-22)
(0.802075 0.00692437 2.14448e-22)
(0.915838 0.00320438 -2.89654e-22)
(0.963639 0.00136768 5.49049e-23)
(0.983271 0.000586973 -4.88818e-23)
(0.992318 0.00025638 -4.74814e-24)
(0.996038 0.000126045 1.68651e-24)
(0.998652 5.2373e-05 1.20525e-23)
)
;

boundaryField
{
    inlet
    {
        type            uniformFixedValue;
        uniformValue    constant (1 0 0);
        value           uniform (1 0 0);
    }
    outlet
    {
        type            pressureInletOutletVelocity;
        value           nonuniform List<vector> 
40
(
(0.999071 -0.00121832 0)
(0.999311 -0.001509 0)
(0.999642 -0.00171408 0)
(0.999944 -0.00175469 0)
(1.00023 -0.00168536 0)
(1.00047 -0.00150975 0)
(1.00067 -0.00125472 0)
(1.00082 -0.000938448 0)
(1.00092 -0.000579676 0)
(1.00098 -0.000195941 0)
(0.998652 -5.1759e-05 1.3896e-23)
(0.998658 -0.000155624 -1.20042e-23)
(0.998669 -0.000258676 -1.62873e-23)
(0.998686 -0.000360347 6.96669e-24)
(0.998709 -0.000460037 -3.04571e-23)
(0.998739 -0.000557189 4.46105e-23)
(0.998775 -0.000651347 1.53781e-23)
(0.998817 -0.00074162 1.92786e-23)
(0.998863 -0.000825789 -6.83934e-23)
(0.998911 -0.0009055 5.6591e-24)
(0.998911 0.000906116 3.68706e-23)
(0.998864 0.000826401 -3.60847e-23)
(0.998818 0.000742235 3.28908e-23)
(0.998776 0.000651962 1.70811e-23)
(0.998739 0.000557802 3.27882e-23)
(0.99871 0.00046065 -4.71747e-23)
(0.998686 0.000360958 5.78301e-24)
(0.998669 0.000259288 -2.03756e-23)
(0.998658 0.000156236 -1.20874e-23)
(0.998652 5.2373e-05 1.20525e-23)
(1.00098 0.000196 0)
(1.00093 0.000579803 0)
(1.00082 0.000938653 0)
(1.00067 0.00125503 0)
(1.00047 0.00151012 0)
(1.00023 0.0016858 0)
(0.999945 0.00175522 0)
(0.999643 0.00171466 0)
(0.999311 0.00150948 0)
(0.999071 0.00121903 0)
)
;
    }
    cylinder
    {
        type            fixedValue;
        value           uniform (0 0 0);
    }
    top
    {
        type            symmetryPlane;
    }
    bottom
    {
        type            symmetryPlane;
    }
    defaultFaces
    {
        type            empty;
    }
}


// ************************************************************************* //
