/*--------------------------------*- C++ -*----------------------------------*\
  =========                 |
  \\      /  F ield         | OpenFOAM: The Open Source CFD Toolbox
   \\    /   O peration     | Website:  https://openfoam.org
    \\  /    A nd           | Version:  6.0
     \\/     M anipulation  |
\*---------------------------------------------------------------------------*/
FoamFile
{
    version     2.0;
    format      ascii;
    class       surfaceScalarField;
    location    "3";
    object      phi;
}
// * * * * * * * * * * * * * * * * * * * * * * * * * * * * * * * * * * * * * //

dimensions      [0 3 -1 0 0 0 0];

internalField   nonuniform List<scalar> 
3880
(
-0.000163756
0.00016384
-8.47566e-08
-0.000460913
0.000297318
-1.60692e-07
-0.000799824
0.000339096
-1.84876e-07
-0.00113171
0.000332073
-1.81576e-07
-0.00142826
0.000296712
-1.64313e-07
-0.00167208
0.000243955
-1.39989e-07
-0.00185335
0.000181387
-1.12567e-07
-0.00197033
0.000117062
-8.5157e-08
-0.00203082
6.05488e-05
-6.02804e-08
2.03652e-05
-3.92803e-08
-0.00205114
-0.000139916
0.000303756
-0.000402211
0.000559613
-0.000706912
0.000643796
-0.00100855
0.00063371
-0.00127942
0.000567583
-0.0015016
0.000466132
-0.00166345
0.000343243
-0.0017596
0.000213209
-0.00179327
9.42202e-05
6.61198e-06
-0.00177952
-9.69112e-05
0.000400667
-0.000293535
0.000756237
-0.000530911
0.000881172
-0.000770088
0.000872887
-0.000985137
0.000782631
-0.00115806
0.000639053
-0.00127525
0.000460439
-0.00132625
0.000264206
-0.00130607
7.40364e-05
-7.57322e-05
-0.00122372
-4.40749e-05
0.000444742
-0.000154174
0.000866336
-0.000297179
0.00102418
-0.000443419
0.00101913
-0.000570502
0.000909715
-0.000661983
0.000730534
-0.000704266
0.000502722
-0.000683787
0.000243726
-0.000586864
-2.28864e-05
-0.00025263
-0.000409966
6.1187e-06
0.000438624
-1.3155e-05
0.00088561
-4.94454e-05
0.00106047
-8.39987e-05
0.00105368
-9.9665e-05
0.000925381
-8.31012e-05
0.00071397
-2.28636e-05
0.000442484
9.40423e-05
0.000126821
0.000285813
-0.000214657
-0.000539038
0.000572221
4.1965e-05
0.000396659
9.85257e-05
0.000829049
0.000160206
0.000998787
0.000235191
0.000978695
0.000334741
0.000825832
0.000469166
0.000579545
0.000648146
0.000263504
0.000882895
-0.000107929
0.0011892
-0.000520961
-0.000951418
0.00160158
5.70214e-05
0.000339637
0.00016018
0.000725891
0.000292862
0.000866105
0.000455898
0.00081566
0.000656332
0.000625398
0.000903777
0.000332099
0.00120898
-4.16953e-05
0.00158295
-0.0004819
0.0020321
-0.000970108
-0.00151675
0.00259743
5.2407e-05
0.00028723
0.000170615
0.000607683
0.000342498
0.000694222
0.000567832
0.000590325
0.000854045
0.000339186
0.00121342
-2.72715e-05
0.00165878
-0.000487055
0.00219886
-0.00102199
0.00282384
-0.00159509
-0.0022538
0.00356089
3.59992e-05
0.000251231
0.000149077
0.000494606
0.000341496
0.000501803
0.000619799
0.000312022
0.000996499
-3.75152e-05
0.0014855
-0.000516272
0.0020937
-0.00109526
0.00281562
-0.0017439
0.00362149
-0.00240096
-0.00312758
0.00449527
1.9234e-05
0.000231997
0.000127174
0.000386666
0.00034659
0.000282387
0.000696028
-3.74164e-05
0.00119175
-0.000533235
0.00183804
-0.00116256
0.00261719
-0.00187441
0.00348963
-0.00261634
0.00440006
-0.00331139
-0.00402534
0.00529782
1.23145e-05
0.000219682
0.000134164
0.000264817
0.000409299
7.2523e-06
0.000865897
-0.000494015
0.00151208
-0.00117942
0.00232409
-0.00197457
0.00324561
-0.00279593
0.00419979
-0.00357053
0.00510064
-0.00421224
-0.00479703
0.00587233
2.00255e-05
0.000199657
0.000184054
0.000100788
0.000550729
-0.000359423
0.00114506
-0.00108834
0.00194587
-0.00198023
0.0028849
-0.0029136
0.00386884
-0.00377987
0.00480443
-0.00450612
0.00563857
-0.00504638
-0.00546543
0.00630698
4.13479e-05
0.000158309
0.000274305
-0.000132169
0.000759979
-0.000845097
0.00149759
-0.00182596
0.00241506
-0.0028977
0.00339865
-0.00389719
0.00433812
-0.00471935
0.00515574
-0.00532373
0.00582377
-0.00571441
-0.00595662
0.00631496
7.27128e-05
8.55962e-05
0.000394106
-0.000453562
0.00100836
-0.00145935
0.00186122
-0.00267882
0.00282201
-0.00385849
0.00375351
-0.00482869
0.00456175
-0.00552759
0.00520771
-0.00596969
0.00569992
-0.00620662
-0.00630955
0.00605285
0.000111127
-2.55308e-05
0.00053139
-0.000873825
0.0012606
-0.00218856
0.00217057
-0.00358879
0.00309
-0.00477792
0.00389453
-0.00563323
0.00453167
-0.00616472
0.00500482
-0.00644284
0.00534792
-0.00654973
-0.00655475
0.00559312
0.000154801
-0.000180332
0.00067338
-0.0013924
0.00147978
-0.00299496
0.00237504
-0.00448405
0.00318552
-0.00558839
0.00382902
-0.00627672
0.00429937
-0.00663508
0.00463014
-0.0067736
0.00486504
-0.00678463
-0.00672894
0.00503922
0.000202081
-0.000382412
0.000804623
-0.00199495
0.00163369
-0.00382402
0.00245104
-0.0053014
0.00311731
-0.00625466
0.00360106
-0.00676047
0.00393094
-0.00696496
0.00415371
-0.00699637
0.00431101
-0.00694194
-0.00685038
0.00443246
0.000250275
-0.000632687
0.000908102
-0.00265277
0.00170342
-0.00461934
0.00240249
-0.00600047
0.00291814
-0.00677031
0.00326162
-0.00710396
0.00348084
-0.00718417
0.0036238
-0.00713934
0.00372507
-0.0070432
-0.00693211
0.0038068
0.000295084
-0.000927771
0.000969778
-0.00332747
0.00168655
-0.00533611
0.00225037
-0.00656429
0.00262586
-0.00714581
0.00285313
-0.00733123
0.00298663
-0.00731767
0.0030687
-0.00722141
0.00312507
-0.00709957
-0.00697809
0.00317104
0.000331012
-0.00125878
0.000982618
-0.00397908
0.00159294
-0.00594643
0.00202092
-0.00699227
0.00227335
-0.00739824
0.00240619
-0.00746406
0.002472
-0.00738349
0.00250469
-0.00725409
0.00252221
-0.00711709
-0.00699057
0.0025347
0.000352784
-0.00161157
0.000947318
-0.00457361
0.00143808
-0.00643719
0.00173854
-0.00729273
0.00188565
-0.00754535
0.00194108
-0.0075195
0.00195087
-0.00739328
0.00194014
-0.00724336
0.00192062
-0.00709757
-0.0069687
0.00189875
0.000356809
-0.00196837
0.000869874
-0.00508668
0.00123818
-0.0068055
0.001423
-0.00747754
0.00148027
-0.00760262
0.00147051
-0.00750974
0.00143127
-0.00735404
0.00138005
-0.00719214
0.00132414
-0.00704167
-0.00691205
0.00126749
0.00034206
-0.00231043
0.000758774
-0.00550339
0.00100785
-0.00705458
0.00108932
-0.00755902
0.00106908
-0.00758238
0.00100223
-0.00744289
0.000917763
-0.00726957
0.000827104
-0.00710148
0.000734494
-0.00694906
-0.00681977
0.000642214
0.000309849
-0.00262028
0.000622819
-0.00581636
0.000759102
-0.00719086
0.000748381
-0.00754829
0.00065977
-0.00749377
0.000540888
-0.00732401
0.000413109
-0.00714179
0.000283447
-0.00697181
0.000154148
-0.00681976
-0.00669218
2.65557e-05
0.000263052
-0.00288334
0.000470063
-0.00602337
0.000501326
-0.00722212
0.00040789
-0.00745486
0.000257379
-0.00734326
8.93137e-05
-0.00715595
-8.10893e-05
-0.00697139
-0.000249723
-0.00680318
-0.000415542
-0.00665394
-0.00652993
-0.000577793
0.000205205
-0.00308854
0.000307349
-0.00612552
0.000241556
-0.00715633
7.31625e-05
-0.00728646
-0.000134791
-0.0071353
-0.000350622
-0.00694011
-0.000563771
-0.00675824
-0.000771736
-0.00659522
-0.000973873
-0.0064518
-0.00633299
-0.00117081
0.000139906
-0.00322845
0.000140335
-0.00612594
-1.50507e-05
-0.00700095
-0.000252362
-0.00704915
-0.000514927
-0.00687274
-0.000778139
-0.0066769
-0.00103489
-0.00650148
-0.0012836
-0.00634651
-0.0015235
-0.0062119
-0.00609688
-0.0017596
7.06202e-05
-0.00329907
-2.60194e-05
-0.0060293
-0.000264213
-0.00676275
-0.000566111
-0.00674725
-0.000882297
-0.00655655
-0.00119408
-0.00636512
-0.00149649
-0.00619907
-0.00178845
-0.00605455
-0.00207008
-0.00593028
-0.00581108
-0.00235588
6.17829e-07
-0.00329968
-0.000186943
-0.00584174
-0.000501145
-0.00644855
-0.000863962
-0.00638444
-0.0012341
-0.00618642
-0.00159821
-0.00600101
-0.00195227
-0.00584501
-0.00229369
-0.00571313
-0.00262169
-0.00560228
-0.00547052
-0.00296225
-6.73534e-05
-0.00323233
-0.000338232
-0.00557086
-0.000720508
-0.00606627
-0.00113846
-0.00596648
-0.00155969
-0.00576519
-0.00197742
-0.00558328
-0.00239114
-0.00543129
-0.00280137
-0.00530291
-0.00321045
-0.00519319
-0.00517721
-0.00350376
-0.000131443
-0.00310089
-0.000477426
-0.00522488
-0.000919242
-0.00562446
-0.00138371
-0.00550202
-0.00184533
-0.00530357
-0.00230295
-0.00512566
-0.00276152
-0.00497272
-0.00322273
-0.00484169
-0.00369125
-0.00472467
-0.00457101
-0.00429745
-0.000190655
-0.00291023
-0.000603933
-0.0048116
-0.0010985
-0.0051299
-0.00160363
-0.00499689
-0.00209686
-0.00481033
-0.00257425
-0.00464827
-0.00303605
-0.00451092
-0.00348832
-0.00438943
-0.00394325
-0.00426974
-0.00413965
-0.00437461
-0.00024409
-0.00266614
-0.000716787
-0.00433891
-0.00125816
-0.00458852
-0.00180186
-0.00445318
-0.00233137
-0.00428083
-0.002846
-0.00413364
-0.00334751
-0.0040094
-0.00383738
-0.00389956
-0.00431072
-0.0037964
-0.00370383
-0.00474654
-0.00029131
-0.00237483
-0.000815318
-0.0038149
-0.00139582
-0.00400802
-0.00196949
-0.00387951
-0.00252358
-0.00372674
-0.00305934
-0.00359789
-0.00357944
-0.0034893
-0.00408513
-0.00339388
-0.00457466
-0.00330686
-0.00323143
-0.00504706
-0.000332368
-0.00204246
-0.000900838
-0.00324643
-0.00151633
-0.00339253
-0.00211909
-0.00327675
-0.00269979
-0.00314604
-0.00326067
-0.003037
-0.00380428
-0.00294569
-0.00433159
-0.00286657
-0.00484235
-0.0027961
-0.00273748
-0.00533631
-0.000366669
-0.0016758
-0.000971672
-0.00264143
-0.00161544
-0.00274876
-0.00224142
-0.00265076
-0.00284323
-0.00254424
-0.00342402
-0.00245621
-0.00398683
-0.00238289
-0.00453361
-0.00231979
-0.00506542
-0.00226428
-0.00221948
-0.00558342
-0.000394454
-0.00128134
-0.00102896
-0.00200692
-0.00169584
-0.00208189
-0.00234124
-0.00200536
-0.00296108
-0.0019244
-0.0035593
-0.00185799
-0.00413919
-0.001803
-0.00470299
-0.00175599
-0.0052522
-0.00171507
-0.00168293
-0.00578875
-0.000415403
-0.000865939
-0.00107204
-0.00135028
-0.00175628
-0.00139765
-0.00241639
-0.00134525
-0.00304996
-0.00129083
-0.00366153
-0.00124641
-0.00425477
-0.00120977
-0.00483218
-0.00117858
-0.00539557
-0.00115168
-0.00113107
-0.00594743
-0.000429435
-0.000436504
-0.00110085
-0.000678865
-0.00179673
-0.000701769
-0.00246682
-0.000675158
-0.00310983
-0.000647822
-0.00373066
-0.000625583
-0.00433315
-0.000607277
-0.00491998
-0.000591741
-0.00549324
-0.000578422
-0.000568421
-0.00605589
-0.000436476
-2.73257e-08
-0.0011153
-4.30886e-08
-0.00181702
-4.3953e-08
-0.00249214
-4.09485e-08
-0.00313993
-3.76196e-08
-0.00376547
-3.45185e-08
-0.00437272
-3.1663e-08
-0.00496443
-2.90428e-08
-0.00554283
-2.66375e-08
-2.44977e-08
-0.00611122
-0.000436477
0.000436449
-0.0011153
0.000678779
-0.00181702
0.000701682
-0.00249214
0.000675076
-0.00313993
0.000647747
-0.00376547
0.000625514
-0.00437272
0.000607214
-0.00496443
0.000591683
-0.00554283
0.000578369
0.000568372
-0.00611122
-0.000429435
0.000865884
-0.00110085
0.0013502
-0.00179673
0.00139756
-0.00246682
0.00134517
-0.00310983
0.00129075
-0.00373066
0.00124634
-0.00433315
0.0012097
-0.00491998
0.00117852
-0.00549324
0.00115162
0.00113103
-0.00605589
-0.000415403
0.00128129
-0.00107204
0.00200683
-0.00175628
0.0020818
-0.00241639
0.00200527
-0.00304996
0.00192432
-0.00366153
0.00185792
-0.00425477
0.00180294
-0.00483218
0.00175594
-0.00539557
0.00171501
0.00168288
-0.00594743
-0.000394455
0.00167574
-0.00102896
0.00264134
-0.00169584
0.00274868
-0.00234124
0.00265068
-0.00296108
0.00254416
-0.0035593
0.00245614
-0.00413919
0.00238283
-0.00470299
0.00231973
-0.0052522
0.00226423
0.00221943
-0.00578875
-0.00036667
0.00204241
-0.000971673
0.00324634
-0.00161544
0.00339244
-0.00224143
0.00327667
-0.00284323
0.00314597
-0.00342403
0.00303694
-0.00398683
0.00294563
-0.00453361
0.00286651
-0.00506543
0.00279604
0.00273743
-0.00558342
-0.000332369
0.00237478
-0.00090084
0.00381482
-0.00151633
0.00400793
-0.00211909
0.00387943
-0.00269979
0.00372667
-0.00326067
0.00359782
-0.00380428
0.00348924
-0.00433159
0.00339382
-0.00484236
0.00330681
0.00323139
-0.00533632
-0.000291311
0.00266609
-0.00081532
0.00433882
-0.00139582
0.00458844
-0.0019695
0.0044531
-0.00252358
0.00428075
-0.00305934
0.00413358
-0.00357945
0.00400934
-0.00408513
0.0038995
-0.00457466
0.00379635
0.00370378
-0.00504706
-0.000244092
0.00291018
-0.000716789
0.00481152
-0.00125816
0.00512981
-0.00180187
0.0049968
-0.00233137
0.00481026
-0.002846
0.0046482
-0.00334751
0.00451086
-0.00383738
0.00438937
-0.00431072
0.00426969
0.0041396
-0.00474654
-0.000190657
0.00310084
-0.000603936
0.0052248
-0.0010985
0.00562437
-0.00160363
0.00550193
-0.00209686
0.00530349
-0.00257426
0.0051256
-0.00303606
0.00497266
-0.00348832
0.00484163
-0.00394325
0.00472462
0.00457097
-0.00437462
-0.000131445
0.00323229
-0.000477429
0.00557079
-0.000919246
0.00606619
-0.00138371
0.0059664
-0.00184533
0.00576511
-0.00230295
0.00558322
-0.00276152
0.00543122
-0.00322273
0.00530285
-0.00369125
0.00519313
0.00517716
-0.00429744
-6.7356e-05
0.00329964
-0.000338237
0.00584167
-0.000720513
0.00644847
-0.00113847
0.00638436
-0.0015597
0.00618634
-0.00197742
0.00600094
-0.00239114
0.00584494
-0.00280137
0.00571307
-0.00321046
0.00560222
0.00547047
-0.00350376
6.14825e-07
0.00329903
-0.000186948
0.00602923
-0.000501151
0.00676267
-0.000863968
0.00674717
-0.0012341
0.00655648
-0.00159821
0.00636505
-0.00195228
0.00619901
-0.00229369
0.00605449
-0.00262169
0.00593022
0.00581103
-0.00296226
7.06167e-05
0.00322841
-2.60255e-05
0.00612587
-0.00026422
0.00700086
-0.000566119
0.00704907
-0.000882305
0.00687266
-0.00119409
0.00667683
-0.0014965
0.00650142
-0.00178846
0.00634645
-0.00207008
0.00621185
0.00609683
-0.00235588
0.000139902
0.00308851
0.000140328
0.00612545
-1.50591e-05
0.00715625
-0.000252371
0.00728638
-0.000514935
0.00713523
-0.000778148
0.00694004
-0.0010349
0.00675817
-0.00128361
0.00659516
-0.00152351
0.00645174
0.00633294
-0.00175961
0.0002052
0.00288331
0.00030734
0.00602331
0.000241546
0.00722204
7.31524e-05
0.00745478
-0.000134801
0.00734318
-0.000350632
0.00715587
-0.000563781
0.00697132
-0.000771745
0.00680312
-0.000973881
0.00665388
0.00652987
-0.00117082
0.000263047
0.00262026
0.000470054
0.0058163
0.000501315
0.00719078
0.000407879
0.00754821
0.000257367
0.00749369
8.93026e-05
0.00732394
-8.10998e-05
0.00714172
-0.000249732
0.00697175
-0.000415552
0.0068197
0.00669212
-0.000577802
0.000309844
0.00231042
0.000622809
0.00550333
0.00075909
0.0070545
0.000748368
0.00755894
0.000659757
0.0075823
0.000540876
0.00744282
0.000413098
0.0072695
0.000283436
0.00710141
0.000154138
0.006949
0.00681971
2.65465e-05
0.000342054
0.00196836
0.000758763
0.00508662
0.00100784
0.00680543
0.00108931
0.00747747
0.00106906
0.00760255
0.00100222
0.00750967
0.00091775
0.00735397
0.000827092
0.00719207
0.000734484
0.00704161
0.00691199
0.000642204
0.000356803
0.00161156
0.000869862
0.00457357
0.00123817
0.00643712
0.00142298
0.00729265
0.00148026
0.00754527
0.0014705
0.00751943
0.00143126
0.00739321
0.00138004
0.00724329
0.00132413
0.00709751
0.00696865
0.00126748
0.000352778
0.00125878
0.000947304
0.00397904
0.00143806
0.00594636
0.00173852
0.00699219
0.00188563
0.00739817
0.00194107
0.00746399
0.00195086
0.00738342
0.00194013
0.00725402
0.00192061
0.00711703
0.00699051
0.00189874
0.000331006
0.000927776
0.000982603
0.00332744
0.00159291
0.00533605
0.00202089
0.00656421
0.00227333
0.00714573
0.00240617
0.00733115
0.00247199
0.0073176
0.00250467
0.00722134
0.0025222
0.00709951
0.00697803
0.00253469
0.000295079
0.000632697
0.000969762
0.00265276
0.00168653
0.00461929
0.00225034
0.0060004
0.00262584
0.00677023
0.00285311
0.00710388
0.00298661
0.00718409
0.00306868
0.00713927
0.00312505
0.00704313
0.00693205
0.00317103
0.00025027
0.000382427
0.000908085
0.00199495
0.00170339
0.00382399
0.00240245
0.00530133
0.0029181
0.00625458
0.00326159
0.00676039
0.00348081
0.00696487
0.00362379
0.00699629
0.00372506
0.00694186
0.00685031
0.00380679
0.000202077
0.00018035
0.000804607
0.00139242
0.00163366
0.00299493
0.002451
0.00448399
0.00311726
0.00558831
0.00360102
0.00627663
0.00393091
0.00663499
0.00415369
0.00677352
0.004311
0.00678455
0.00672886
0.00443245
0.000154798
2.55522e-05
0.000673366
0.000873848
0.00147974
0.00218856
0.002375
0.00358874
0.00318547
0.00477784
0.00382897
0.00563313
0.00429933
0.00616462
0.00463011
0.00644274
0.00486502
0.00654964
0.00655467
0.00503921
0.000111125
-8.55732e-05
0.000531379
0.000453594
0.00126057
0.00145936
0.00217052
0.00267879
0.00308994
0.00385842
0.00389447
0.0048286
0.00453161
0.00552748
0.00500477
0.00596958
0.0053479
0.00620652
0.00630945
0.00559311
7.27127e-05
-0.000158286
0.0003941
0.000132207
0.00100833
0.000845126
0.00186117
0.00182596
0.00282194
0.00289765
0.00375344
0.00389711
0.00456168
0.00471924
0.00520765
0.00532361
0.00569987
0.00571429
0.0059565
0.00605282
4.13495e-05
-0.000199635
0.000274303
-0.000100746
0.000759964
0.000359465
0.00149755
0.00108837
0.002415
0.00198021
0.00339856
0.00291354
0.00433802
0.00377978
0.00515565
0.00450599
0.00582369
0.00504624
0.00546529
0.00631491
2.0029e-05
-0.000219664
0.000184057
-0.000264774
0.000550723
-7.20094e-06
0.00114503
0.000494058
0.00194581
0.00117943
0.0028848
0.00197454
0.00386872
0.00279586
0.00480429
0.00357041
0.00563844
0.0042121
0.00479685
0.00630687
1.2319e-05
-0.000231983
0.000134169
-0.000386624
0.000409296
-0.000282328
0.000865876
3.74774e-05
0.00151203
0.000533281
0.002324
0.00116257
0.00324548
0.00187438
0.00419963
0.00261626
0.00510046
0.00331126
0.00402515
0.00587217
1.92373e-05
-0.000251221
0.000127175
-0.000494562
0.000346581
-0.000501734
0.000696001
-0.000311943
0.0011917
3.75871e-05
0.00183795
0.000516321
0.00261706
0.00109527
0.00348946
0.00174387
0.00439984
0.00240088
0.00312742
0.00529757
3.59981e-05
-0.000287219
0.000149065
-0.000607628
0.000341466
-0.000694135
0.000619746
-0.000590224
0.000996421
-0.000339088
0.00148539
2.73522e-05
0.00209355
0.000487106
0.00281542
0.001022
0.00362125
0.00159505
0.00225368
0.00449498
5.23985e-05
-0.000339617
0.000170583
-0.000725813
0.000342434
-0.000865987
0.000567736
-0.000815526
0.000853917
-0.000625268
0.00121326
-0.000331988
0.00165858
4.17797e-05
0.00219863
0.000481948
0.00282357
0.000970112
0.00151668
0.00356057
5.70042e-05
-0.000396621
0.000160126
-0.000828934
0.000292764
-0.000998625
0.000455755
-0.000978517
0.000656148
-0.000825661
0.000903557
-0.000579396
0.00120872
-0.000263386
0.00158266
0.000108009
0.00203178
0.000520995
0.000951384
0.00259708
4.19398e-05
-0.000438561
9.84537e-05
-0.000885448
0.000160081
-0.00106025
0.000235016
-0.00105345
0.000334519
-0.000925164
0.000468903
-0.00071378
0.000647847
-0.000442331
0.000882565
-0.00012671
0.00118884
0.000214717
0.000539036
0.00160119
6.08876e-06
-0.00044465
-1.32348e-05
-0.000866124
-4.95777e-05
-0.00102391
-8.41802e-05
-0.00101885
-9.98908e-05
-0.000909453
-8.33659e-05
-0.000730305
-2.31615e-05
-0.000502535
9.37167e-05
-0.000243588
0.000285463
2.29706e-05
0.000252657
0.000571842
-4.41048e-05
-0.000400545
-0.000154249
-0.00075598
-0.000297299
-0.00088086
-0.000443579
-0.000872569
-0.000570696
-0.000782336
-0.000662206
-0.000638795
-0.000704513
-0.000460228
-0.000684054
-0.000264047
-0.000587151
-7.39323e-05
7.57856e-05
-0.000410279
-9.69362e-05
-0.000303609
-0.000293595
-0.000559321
-0.000531004
-0.000643451
-0.000770207
-0.000633365
-0.000985277
-0.000567266
-0.00115821
-0.000465859
-0.00127542
-0.000343021
-0.00132643
-0.00021304
-0.00130626
-9.41039e-05
-6.54073e-06
-0.00122393
-0.000139932
-0.000163677
-0.00040225
-0.000297004
-0.000706969
-0.000338732
-0.00100862
-0.000331714
-0.0012795
-0.000296386
-0.00150168
-0.000243676
-0.00166354
-0.000181162
-0.00175969
-0.000116891
-0.00179337
-6.04285e-05
-2.02874e-05
-0.00177962
-0.000163761
-0.000460926
-0.000799843
-0.00113174
-0.00142829
-0.0016721
-0.00185338
-0.00197036
-0.00203084
-0.00205117
0.00192889
-0.00398272
2.68276e-06
0.00481301
-0.00288512
9.93199e-07
0.0063657
-0.00155234
-3.45678e-07
0.00702987
-0.000663699
-4.66119e-07
0.00724642
-0.000216186
-3.65661e-07
0.00728396
-3.73594e-05
-1.8567e-07
0.00725598
2.80877e-05
-1.08189e-07
0.00720134
5.47929e-05
-1.51252e-07
0.00713617
6.5217e-05
-4.40642e-08
7.21046e-05
2.53675e-08
0.00212526
-0.00788749
0.00483558
-0.00559544
0.00634833
-0.00306509
0.00700536
-0.00132073
0.00722349
-0.000434321
0.00726496
-7.8828e-05
0.00724158
5.14747e-05
0.00719171
0.00010466
0.00713135
0.000125574
0.000139404
0.00252406
-0.0116353
0.00489381
-0.00796519
0.00631708
-0.00448836
0.0069573
-0.00196095
0.00717797
-0.000654999
0.00722713
-0.00012798
0.00721286
6.57374e-05
0.00717251
0.000145014
0.00712175
0.000176331
0.000197074
0.00307072
-0.015116
0.00499458
-0.00988904
0.006275
-0.00576878
0.00688675
-0.0025727
0.00711036
-0.000878603
0.00717075
-0.000188373
0.00717004
6.64452e-05
0.00714386
0.000171191
0.00710743
0.000212766
0.000240373
0.00365519
-0.0181989
0.00512217
-0.011356
0.00622074
-0.00686735
0.00679405
-0.00314601
0.00702114
-0.00110569
0.00709624
-0.000263473
0.0071134
4.92831e-05
0.00710596
0.000178627
0.00708847
0.000230255
0.000264654
0.00418154
-0.0207789
0.00524334
-0.0124178
0.00614804
-0.00777205
0.00667853
-0.0036765
0.00691074
-0.0013379
0.00700408
-0.000356814
0.00704331
1.00547e-05
0.00705905
0.00016289
0.00706501
0.000224294
0.000265387
0.0045877
-0.0227692
0.00532057
-0.0131507
0.0060478
-0.00849928
0.00653893
-0.00416762
0.00677958
-0.00157855
0.00689487
-0.000472101
0.00696023
-5.53136e-05
0.00700342
0.000119707
0.00703718
0.000190535
0.00023819
0.004827
-0.0240353
0.0053164
-0.0136401
0.0059104
-0.00909328
0.00637403
-0.00463126
0.00662817
-0.00183268
0.00676927
-0.000613201
0.00686471
-0.000150755
0.00693943
4.49805e-05
0.00700516
0.000124808
0.000178857
0.0049458
-0.0244858
0.00522626
-0.0139205
0.00573396
-0.00960098
0.00618391
-0.00508121
0.00645713
-0.00210591
0.00662798
-0.000784049
0.0067573
-0.000280076
0.00686748
-6.51999e-05
0.00696915
2.3138e-05
8.33806e-05
0.00496883
-0.0241568
0.00513238
-0.0140841
0.00554641
-0.010015
0.0059713
-0.00550611
0.00626511
-0.00239972
0.00647096
-0.000989897
0.00663848
-0.000447598
0.00678793
-0.000214655
0.00692934
-0.000118269
-5.20589e-05
0.0487508
-0.0134284
-0.0594793
0.0475945
-0.0129277
0.0441773
-0.0065978
0.0427024
-0.00403128
0.0425204
-0.00221772
0.0426348
-0.00110428
0.0427452
-0.000557939
0.0428179
-0.000287404
0.0428687
-0.000169026
-7.73988e-05
0.0491852
-0.00600351
-0.0566101
0.0453703
-0.0091128
0.0438028
-0.00503036
0.0429059
-0.00313437
0.0427027
-0.00201449
0.0427424
-0.00114402
0.0428048
-0.000620307
0.0428501
-0.000332713
0.0428846
-0.000203509
-9.54445e-05
0.0477115
-0.00150997
-0.0522051
0.0448813
-0.00628255
0.0439006
-0.00404964
0.0432293
-0.00246313
0.0429329
-0.00171805
0.0428699
-0.00108104
0.042874
-0.000624372
0.0428879
-0.000346621
0.0429036
-0.0002192
-0.000104975
0.0468381
0.000450695
-0.0487988
0.0447328
-0.00417723
0.0439028
-0.00321968
0.0433941
-0.00195438
0.0430879
-0.00141189
0.0429689
-0.000961989
0.0429333
-0.000588771
0.0429233
-0.00033666
0.0429226
-0.000218495
-0.000106446
0.0462739
0.00117914
-0.0470024
0.0446165
-0.0025198
0.0438744
-0.00247756
0.0434812
-0.00156123
0.0432004
-0.00113102
0.043051
-0.00081265
0.0429853
-0.000523091
0.0429558
-0.00030708
0.0429407
-0.000203469
-0.000100515
0.0455994
0.00130455
-0.0457248
0.0445325
-0.00145292
0.0438766
-0.00182167
0.0435332
-0.00121774
0.043278
-0.00087586
0.0431154
-0.000650036
0.0430286
-0.000436354
0.0429838
-0.000262208
0.0429569
-0.000176632
-8.82082e-05
0.0451099
0.00111003
-0.0449153
0.0444462
-0.000789293
0.0438823
-0.00125774
0.0435625
-0.000897888
0.0433286
-0.000641975
0.0431633
-0.000484767
0.043063
-0.000336056
0.0430067
-0.00020589
0.0429705
-0.000140475
-7.07187e-05
0.0447611
0.000785109
-0.0444362
0.0443628
-0.000390964
0.0438873
-0.000782208
0.0435809
-0.00059147
0.0433607
-0.000421782
0.043197
-0.000321059
0.0430885
-0.000227602
0.0430241
-0.000141484
0.042981
-9.74196e-05
-4.93175e-05
0.0445326
0.000402732
-0.0441502
0.0442995
-0.000157898
0.0438907
-0.000373409
0.0435923
-0.000293072
0.0433795
-0.000208992
0.0432182
-0.000159728
0.0431053
-0.000114739
0.0430358
-7.19606e-05
0.0429882
-4.98166e-05
-2.53063e-05
0.0444214
-0.0440187
0.0442635
0.0438901
0.043597
0.0433881
0.0432283
0.0431136
0.0430416
0.0429918
0.053525
0.0015953
-0.0525856
0.0545111
0.0021849
0.0555274
0.00279054
0.0565787
0.00338115
0.0576156
0.00400233
0.0586241
0.00458456
0.0594597
0.00521731
0.060048
0.00572665
0.0600984
0.00625657
0.00649144
0.0486563
0.00111736
-0.0481784
0.0492009
0.00164033
0.0498256
0.00216585
0.0505253
0.00268141
0.0513375
0.0031901
0.0522457
0.0036764
0.0533195
0.00414345
0.0544549
0.00459128
0.0556982
0.00501328
0.00557956
0.0457872
0.000781557
-0.0454514
0.0462084
0.0012191
0.046723
0.00165124
0.0473232
0.00208128
0.0480097
0.00250356
0.0487526
0.00293352
0.0495458
0.00335023
0.0503542
0.00378285
0.051207
0.00416052
0.00458147
0.0439457
0.000564394
-0.0437286
0.0442267
0.000938124
0.0445682
0.00130976
0.0449668
0.00168266
0.0454224
0.002048
0.0459417
0.00241416
0.0465333
0.00275869
0.0472117
0.00310442
0.0479621
0.00341008
0.00374483
0.0426907
0.000418762
-0.0425451
0.0429013
0.000727591
0.043178
0.00103299
0.0435246
0.00133608
0.0439417
0.00163093
0.0444322
0.0019236
0.0449886
0.00220227
0.04561
0.00248306
0.0462794
0.00274064
0.0030219
0.0419323
0.000300787
-0.0418143
0.0421145
0.00054535
0.04236
0.000787503
0.0426681
0.00102797
0.0430355
0.00126359
0.0434614
0.00149764
0.0439411
0.00172255
0.0444779
0.00194629
0.0450663
0.00215228
0.00236336
0.0414186
0.000209424
-0.0413273
0.0415712
0.000392733
0.0417843
0.000574467
0.0420575
0.000754706
0.0423898
0.000931304
0.0427818
0.0011057
0.0432311
0.00127318
0.043739
0.00143848
0.0442994
0.00159188
0.00174736
0.0410893
0.000132745
-0.0410126
0.0412273
0.000254736
0.0414261
0.000375638
0.0416854
0.000495363
0.0420041
0.00061268
0.0423814
0.000728331
0.0428149
0.000839696
0.043304
0.00094943
0.043844
0.00105185
0.00115514
0.0408977
6.41646e-05
-0.0408291
0.0410274
0.000125096
0.0412175
0.000185511
0.0414675
0.000245337
0.0417762
0.000304008
0.0421427
0.000361817
0.0425648
0.000417555
0.0430419
0.000472384
0.0435701
0.000523663
0.000575004
0.0408083
-0.0407442
0.0409334
0.0411189
0.0413643
0.0416683
0.0420301
0.0424476
0.04292
0.0434437
0.0471778
-0.00240403
-0.0482775
0.0473226
-0.003107
0.0476765
-0.00270978
0.0481677
-0.00225088
0.0487359
-0.00173899
0.0493706
-0.00121248
0.0500765
-0.000679356
0.0508532
-0.000134501
0.0516913
0.000429386
0.00100451
0.0465228
-0.00316312
-0.0457637
0.0465209
-0.00310515
0.0465081
-0.00269693
0.0465626
-0.00230541
0.0466986
-0.00187499
0.0468925
-0.00140636
0.0471321
-0.000918961
0.0474211
-0.000423539
0.0477688
8.17417e-05
0.000594927
0.0454608
-0.00306099
-0.0455629
0.0452544
-0.00289871
0.0450884
-0.00253092
0.0449556
-0.00217263
0.0448761
-0.00179551
0.0448607
-0.00139097
0.0449089
-0.000967163
0.0450197
-0.000534317
0.0451986
-9.7151e-05
0.000342135
0.0446344
-0.00276105
-0.0449343
0.0443083
-0.00257267
0.0440412
-0.00226376
0.0438183
-0.00194974
0.0436438
-0.00162104
0.0435283
-0.00127549
0.0434781
-0.000916973
0.0434945
-0.000550743
0.0435781
-0.000180659
0.000191625
0.0439909
-0.0023779
-0.044374
0.0436062
-0.00218802
0.043275
-0.00193255
0.0429941
-0.00166884
0.0427663
-0.00139327
0.0425967
-0.00110588
0.0424889
-0.000809181
0.0424443
-0.000506154
0.042463
-0.000199378
0.000109579
0.0435128
-0.00193919
-0.0439515
0.0430991
-0.00177435
0.0427374
-0.0015709
0.0424281
-0.0013595
0.0421739
-0.00113904
0.041978
-0.000909984
0.0418429
-0.000674072
0.04177
-0.000433321
0.0417603
-0.000189637
5.55828e-05
0.0431988
-0.00147176
-0.0436662
0.0427678
-0.00134338
0.0423885
-0.00119159
0.042062
-0.00103299
0.0417906
-0.000867651
0.0415768
-0.000696223
0.0414227
-0.000519893
0.0413293
-0.000339973
0.0412974
-0.000157754
2.574e-05
0.0430003
-0.000988092
-0.0434839
0.0425576
-0.000900745
0.042166
-0.000799963
0.0418273
-0.000694293
0.0415438
-0.000584112
0.0413175
-0.000469992
0.0411503
-0.000352682
0.0410433
-0.000232985
0.0409973
-0.000111711
1.04422e-05
0.0428821
-0.00049556
-0.0433746
0.0424329
-0.000451556
0.0420342
-0.000401343
0.0416886
-0.000348603
0.041398
-0.000293603
0.0411647
-0.000236659
0.0409902
-0.000178136
0.0408756
-0.000118417
0.0408218
-5.78934e-05
3.08747e-06
0.0428273
-0.0433228
0.0423757
0.0419744
0.0416258
0.0413322
0.0410955
0.0409174
0.040799
0.0407411
0.0429206
0.000121553
-0.000113254
0.0428705
0.000422908
-0.000372756
0.0428522
0.000635841
-0.000617558
0.0428326
0.000951608
-0.000932043
0.0428756
0.00117195
-0.00121494
0.0429551
0.0015581
-0.00163762
0.0432397
0.00173895
-0.00202349
0.0437613
0.00217183
-0.00269346
0.0449318
0.00213041
-0.00330091
0.00117045
-0.00451618
0.0429494
0.00010104
0.043043
0.000329342
0.043171
0.000507858
0.0433992
0.000723422
0.0436927
0.000878391
0.0441575
0.00109331
0.0446949
0.0012016
0.0454431
0.00142356
0.0460739
0.00149962
0.00148069
0.0429596
7.04076e-05
0.0430747
0.000214248
0.0432357
0.000346798
0.0434656
0.000493558
0.0437385
0.000605514
0.0440804
0.000751338
0.0444383
0.000843747
0.0448546
0.00100729
0.0452836
0.00107057
0.00120136
0.0429528
4.65119e-05
0.0430292
0.000137914
0.0431399
0.000236019
0.0432922
0.000341268
0.043469
0.000428721
0.043688
0.000532312
0.0439267
0.000605128
0.0442242
0.000709757
0.0445465
0.000748222
0.000813615
0.0429435
3.19008e-05
0.0429862
9.5299e-05
0.0430568
0.000165331
0.0431595
0.000238614
0.0432869
0.000301298
0.0434495
0.000369699
0.0436355
0.00041918
0.0438621
0.000483092
0.0441018
0.000508578
0.000541403
0.0429387
2.21288e-05
0.0429682
6.58447e-05
0.0430201
0.000113346
0.0430968
0.000161912
0.043194
0.000204169
0.0433151
0.000248533
0.043452
0.000282328
0.0436115
0.000323579
0.0437775
0.000342572
0.000367438
0.0429365
1.45937e-05
0.0429593
4.29921e-05
0.0429986
7.40919e-05
0.043055
0.000105455
0.0431258
0.000133386
0.0432123
0.000162077
0.0433095
0.00018508
0.0434217
0.000211432
0.0435395
0.000224691
0.000240776
0.0429348
8.7608e-06
0.042952
2.57562e-05
0.0429815
4.46367e-05
0.0430234
6.35204e-05
0.0430762
8.05682e-05
0.0431406
9.77039e-05
0.0432139
0.000111804
0.0432981
0.000127171
0.0433875
0.000135354
0.00014429
0.0429336
4.11484e-06
0.0429472
1.21079e-05
0.0429708
2.10185e-05
0.0430045
2.98756e-05
0.0430471
3.79066e-05
0.043099
4.58676e-05
0.0431583
5.25126e-05
0.0432259
5.95842e-05
0.0432977
6.35056e-05
6.74167e-05
0.042933
0.0429452
0.0429662
0.042996
0.043034
0.0430798
0.0431323
0.0431919
0.0432554
0.00713554
-6.44727e-05
-1.84714e-09
0.0071736
-3.80474e-05
-4.24305e-09
0.00718656
-1.29572e-05
-6.90746e-09
0.00716929
1.72784e-05
-9.93169e-09
0.00712169
4.76141e-05
-1.37419e-08
0.00703196
8.97457e-05
-1.80191e-08
0.00690212
0.000129869
-2.3305e-08
0.00670707
0.000195073
-2.90381e-08
0.00645952
0.000247588
-3.59584e-08
0.000348341
-4.29884e-08
0.00713081
-0.000124215
0.00716418
-7.14106e-05
0.00717251
-2.12959e-05
0.00715061
3.91861e-05
0.00709853
9.96924e-05
0.00700433
0.000183943
0.00687005
0.000264145
0.00667024
0.000394893
0.00641684
0.000500986
0.000709287
0.00712137
-0.000174517
0.00714537
-9.54102e-05
0.00714447
-2.03936e-05
0.00711328
7.03738e-05
0.00705224
0.000160738
0.00694907
0.00028711
0.00680592
0.000407292
0.00659642
0.000604393
0.00633128
0.000766125
0.00109314
0.00710727
-0.000210718
0.00711726
-0.000105404
0.00710253
-5.66089e-06
0.00705744
0.000115464
0.00698293
0.000235249
0.00686629
0.000403752
0.00670989
0.000563691
0.00648591
0.000828378
0.00620363
0.00104839
0.00150803
0.00708858
-0.000228223
0.00707997
-9.6798e-05
0.00704686
2.74512e-05
0.00698329
0.000179027
0.00689084
0.000327699
0.00675626
0.00053834
0.0065823
0.000737647
0.00633933
0.00107135
0.00603541
0.00135232
0.00196002
0.00706536
-0.000222513
0.00703361
-6.50455e-05
0.0069776
8.3461e-05
0.00689104
0.000265589
0.00677622
0.000442514
0.00661944
0.000695116
0.00642366
0.000933435
0.0061578
0.00133721
0.0058281
0.00168201
0.00245181
0.00703773
-0.000189172
0.00697831
-5.62133e-06
0.00689488
0.000166891
0.00678069
0.00037977
0.00663898
0.000584232
0.00645607
0.000878023
0.0062347
0.0011548
0.00594262
0.0016293
0.00558689
0.00203774
0.00299164
0.00700593
-0.000124034
0.00691439
8.59244e-05
0.00679906
0.000282212
0.00665235
0.000526485
0.00647875
0.000757837
0.00626501
0.00109176
0.00601478
0.00140504
0.00569646
0.00194762
0.00530761
0.00242658
0.00355272
0.00697049
-2.34497e-05
0.00684292
0.000213493
0.00669176
0.000433373
0.00650777
0.000710473
0.00629759
0.00096802
0.00604648
0.00134286
0.00576022
0.00169129
0.00541975
0.00228809
0.00500092
0.00284541
0.00417903
0.00693437
0.0067751
0.00659092
0.00636935
0.00612243
0.00582767
0.00549547
0.0050901
0.0046346
0.00693437
2.34519e-05
0.000113252
0.0067751
-0.000213486
0.00037275
0.00659092
-0.00043336
0.000617545
0.00636935
-0.000710453
0.000932022
0.00612243
-0.000967991
0.00121491
0.00582767
-0.00134282
0.00163758
0.00549547
-0.00169124
0.00202344
0.00509011
-0.00228803
0.00269339
0.0046346
-0.00284533
0.00330084
-0.00417893
0.00451609
0.00697049
0.000124036
0.00684292
-8.5917e-05
0.00669176
-0.000282199
0.00650777
-0.000526465
0.00629759
-0.000757808
0.00604648
-0.00109172
0.00576023
-0.00140499
0.00541975
-0.00194755
0.00500093
-0.00242651
-0.00355262
0.00700593
0.000189175
0.00691439
5.62884e-06
0.00679906
-0.000166877
0.00665235
-0.00037975
0.00647875
-0.000584204
0.00626501
-0.000877986
0.00601478
-0.00115475
0.00569646
-0.00162923
0.00530761
-0.00203766
-0.00299155
0.00703773
0.000222515
0.0069783
6.50532e-05
0.00689488
-8.34476e-05
0.00678069
-0.000265569
0.00663898
-0.000442486
0.00645607
-0.000695079
0.00623471
-0.000933387
0.00594262
-0.00133715
0.0055869
-0.00168194
-0.00245171
0.00706536
0.000228227
0.00703361
9.68059e-05
0.0069776
-2.74377e-05
0.00689103
-0.000179007
0.00677622
-0.000327671
0.00661944
-0.000538303
0.00642366
-0.0007376
0.0061578
-0.00107129
0.0058281
-0.00135224
-0.00195993
0.00708857
0.000210722
0.00707997
0.000105412
0.00704686
5.67449e-06
0.00698329
-0.000115444
0.00689084
-0.000235221
0.00675626
-0.000403716
0.0065823
-0.000563644
0.00633933
-0.000828319
0.00603541
-0.00104832
-0.00150794
0.00710727
0.000174521
0.00711726
9.54184e-05
0.00710253
2.04072e-05
0.00705744
-7.03539e-05
0.00698293
-0.000160711
0.00686629
-0.000287073
0.00670989
-0.000407245
0.00648591
-0.000604334
0.00620364
-0.000766052
-0.00109306
0.00712137
0.000124219
0.00714537
7.14189e-05
0.00714447
2.13097e-05
0.00711328
-3.91662e-05
0.00705224
-9.96649e-05
0.00694907
-0.000183907
0.00680592
-0.000264098
0.00659642
-0.000394834
0.00633129
-0.000500914
-0.0007092
0.00713081
6.44764e-05
0.00716418
3.80559e-05
0.00717251
1.2971e-05
0.00715061
-1.72585e-05
0.00709853
-4.75866e-05
0.00700433
-8.97097e-05
0.00687005
-0.000129823
0.00667024
-0.000195015
0.00641684
-0.000247516
-0.000348255
0.00713554
0.0071736
0.00718656
0.00716929
0.00712169
0.00703196
0.00690212
0.00670707
0.00645952
0.042933
-4.11478e-06
0.0429452
-1.2107e-05
0.0429662
-2.10172e-05
0.042996
-2.98742e-05
0.0430339
-3.79056e-05
0.0430798
-4.58677e-05
0.0431323
-5.25151e-05
0.0431919
-5.95907e-05
0.0432554
-6.35158e-05
-6.74067e-05
0.0433228
0.0429336
-8.76057e-06
0.0429472
-2.57556e-05
0.0429708
-4.46359e-05
0.0430045
-6.35199e-05
0.0430472
-8.05681e-05
0.043099
-9.77031e-05
0.0431583
-0.000111801
0.0432258
-0.000127165
0.0432977
-0.000135345
-0.000144308
0.0433746
0.0429348
-1.45935e-05
0.042952
-4.29909e-05
0.0429815
-7.40895e-05
0.0430234
-0.000105453
0.0430762
-0.000133384
0.0431406
-0.000162075
0.0432139
-0.00018508
0.0432981
-0.000211435
0.0433875
-0.000224696
-0.000240789
0.043484
0.0429365
-2.21282e-05
0.0429593
-6.58434e-05
0.0429986
-0.000113345
0.043055
-0.000161911
0.0431258
-0.000204168
0.0432123
-0.000248533
0.0433095
-0.000282329
0.0434217
-0.000323582
0.0435395
-0.000342576
-0.000367432
0.0436662
0.0429387
-3.19e-05
0.0429682
-9.52978e-05
0.0430201
-0.000165329
0.0430968
-0.000238613
0.043194
-0.000301296
0.0433151
-0.000369698
0.043452
-0.000419179
0.0436115
-0.000483092
0.0437775
-0.000508577
-0.000541405
0.0439515
0.0429435
-4.65112e-05
0.0429862
-0.000137914
0.0430568
-0.000236017
0.0431595
-0.000341266
0.0432869
-0.000428718
0.0434495
-0.000532308
0.0436355
-0.000605125
0.0438621
-0.000709754
0.0441018
-0.000748219
-0.000813623
0.044374
0.0429528
-7.04068e-05
0.0430292
-0.000214248
0.0431399
-0.000346797
0.0432922
-0.000493556
0.043469
-0.000605512
0.0436881
-0.000751335
0.0439267
-0.000843744
0.0442242
-0.00100729
0.0445465
-0.00107056
-0.00120134
0.0449343
0.0429596
-0.000101039
0.0430747
-0.000329341
0.0432357
-0.000507855
0.0434656
-0.000723416
0.0437384
-0.000878384
0.0440804
-0.0010933
0.0444383
-0.00120159
0.0448545
-0.00142355
0.0452836
-0.00149961
-0.00148067
0.0455629
0.0429494
-0.000121551
0.043043
-0.000422904
0.043171
-0.000635835
0.0433992
-0.000951596
0.0436927
-0.00117194
0.0441575
-0.00155807
0.0446948
-0.00173891
0.045443
-0.00217179
0.0460738
-0.00213037
-0.00117048
0.0457636
0.0429206
0.0428705
0.0428522
0.0428326
0.0428756
0.0429551
0.0432396
0.0437612
0.0449317
0.0482773
0.0428273
0.000495557
0.0423757
0.000451555
0.0419744
0.000401342
0.0416258
0.000348602
0.0413322
0.000293602
0.0410955
0.000236658
0.0409174
0.000178134
0.040799
0.000118415
0.0407411
5.78903e-05
-3.09113e-06
0.0407442
0.042882
0.000988091
0.0424329
0.000900745
0.0420342
0.000799962
0.0416885
0.000694291
0.041398
0.000584109
0.0411647
0.000469988
0.0409902
0.000352678
0.0408756
0.000232979
0.0408218
0.000111705
-1.04494e-05
0.0408291
0.0430003
0.00147176
0.0425577
0.00134338
0.042166
0.00119159
0.0418273
0.00103299
0.0415438
0.000867647
0.0413176
0.000696219
0.0411503
0.000519888
0.0410434
0.000339967
0.0409973
0.000157746
-2.57487e-05
0.0410126
0.0431988
0.00193919
0.0427678
0.00177435
0.0423885
0.00157089
0.042062
0.0013595
0.0417906
0.00113903
0.0415768
0.000909977
0.0414227
0.000674064
0.0413293
0.000433312
0.0412974
0.000189626
-5.55955e-05
0.0413273
0.0435128
0.0023779
0.0430991
0.00218801
0.0427374
0.00193255
0.0424281
0.00166883
0.0421739
0.00139327
0.041978
0.00110587
0.0418429
0.000809172
0.04177
0.000506144
0.0417603
0.000199367
-0.000109592
0.0418143
0.0439908
0.00276106
0.0436062
0.00257267
0.043275
0.00226375
0.0429941
0.00194973
0.0427663
0.00162103
0.0425967
0.00127549
0.0424889
0.000916962
0.0424443
0.000550731
0.042463
0.000180647
-0.00019164
0.0425451
0.0446343
0.003061
0.0443083
0.00289871
0.0440411
0.00253092
0.0438182
0.00217262
0.0436438
0.0017955
0.0435283
0.00139096
0.0434781
0.000967154
0.0434945
0.000534306
0.043578
9.71382e-05
-0.000342151
0.0437285
0.0454608
0.00316314
0.0452543
0.00310515
0.0450883
0.00269692
0.0449555
0.0023054
0.0448761
0.00187498
0.0448607
0.00140636
0.0449089
0.000918954
0.0450196
0.00042353
0.0451985
-8.17514e-05
-0.000594938
0.0454513
0.0465227
0.00240408
0.0465208
0.003107
0.046508
0.00270977
0.0465625
0.00225088
0.0466985
0.00173899
0.0468924
0.00121248
0.047132
0.000679352
0.047421
0.000134494
0.0477686
-0.000429395
-0.00100452
0.0481782
0.0471776
0.0473224
0.0476762
0.0481675
0.0487357
0.0493704
0.0500763
0.050853
0.051691
0.0525853
0.0408084
-6.41687e-05
0.0409335
-0.0001251
0.041119
-0.000185515
0.0413643
-0.000245341
0.0416683
-0.000304012
0.0420301
-0.000361821
0.0424477
-0.000417558
0.0429201
-0.000472387
0.0434437
-0.000523667
-0.000575007
0.0440188
0.0408977
-0.000132753
0.0410274
-0.000254745
0.0412175
-0.000375647
0.0414675
-0.000495373
0.0417762
-0.000612689
0.0421427
-0.000728341
0.0425649
-0.000839706
0.0430419
-0.000949441
0.0435701
-0.00105186
-0.00115515
0.0441503
0.0410893
-0.000209434
0.0412273
-0.000392743
0.0414261
-0.000574477
0.0416855
-0.000754716
0.0420041
-0.000931315
0.0423815
-0.00110571
0.0428149
-0.00127319
0.043304
-0.00143849
0.043844
-0.00159189
-0.00174737
0.0444363
0.0414186
-0.000300801
0.0415713
-0.000545364
0.0417843
-0.000787518
0.0420576
-0.00102798
0.0423899
-0.00126361
0.0427818
-0.00149766
0.0432312
-0.00172257
0.043739
-0.00194631
0.0442994
-0.00215229
-0.00236338
0.0449154
0.0419323
-0.000418776
0.0421145
-0.000727605
0.04236
-0.00103301
0.0426681
-0.0013361
0.0430355
-0.00163095
0.0434614
-0.00192362
0.0439411
-0.00220229
0.0444779
-0.00248308
0.0450663
-0.00274067
-0.00302193
0.0457249
0.0426907
-0.00056441
0.0429013
-0.00093814
0.043178
-0.00130978
0.0435246
-0.00168268
0.0439417
-0.00204802
0.0444322
-0.00241418
0.0449887
-0.0027587
0.04561
-0.00310445
0.0462795
-0.0034101
-0.00374486
0.0470024
0.0439457
-0.000781575
0.0442267
-0.00121912
0.0445682
-0.00165126
0.0449668
-0.00208131
0.0454224
-0.00250359
0.0459417
-0.00293355
0.0465333
-0.00335026
0.0472117
-0.00378288
0.0479621
-0.00416055
-0.0045815
0.0487988
0.0457871
-0.00111737
0.0462083
-0.00164034
0.0467229
-0.00216587
0.0473231
-0.00268143
0.0480096
-0.00319012
0.0487525
-0.00367642
0.0495457
-0.00414348
0.0503541
-0.00459132
0.0512069
-0.00501333
-0.00557958
0.052205
0.0486562
-0.00159532
0.0492008
-0.00218491
0.0498254
-0.00279055
0.0505252
-0.00338116
0.0513374
-0.00400234
0.0522455
-0.00458456
0.0533194
-0.00521731
0.0544547
-0.00572664
0.0556979
-0.00625655
-0.00649144
0.0566098
0.0535246
0.0545107
0.055527
0.0565783
0.0576152
0.0586237
0.0594592
0.0600475
0.0600978
0.0594785
0.0444217
-0.000402935
0.0442638
0.000157871
0.0438904
0.000373463
0.0435972
0.000293119
0.0433882
0.000209027
0.0432285
0.000159754
0.0431137
0.000114761
0.0430417
7.19791e-05
0.0429919
4.98273e-05
2.53087e-05
0.0445327
-0.000785391
0.0442997
0.000390906
0.0438909
0.000782285
0.0435925
0.000591528
0.0433797
0.000421827
0.0432183
0.000321099
0.0431054
0.000227639
0.0430359
0.000141518
0.0429883
9.744e-05
4.93231e-05
0.0447612
-0.00111037
0.044363
0.000789183
0.0438874
0.00125783
0.043581
0.000897951
0.0433608
0.000642023
0.0431971
0.000484819
0.0430886
0.000336107
0.0430242
0.000205939
0.0429811
0.000140504
7.07267e-05
0.0451101
-0.00130501
0.0444464
0.00145279
0.0438825
0.00182177
0.0435626
0.00121782
0.0433287
0.000875931
0.0431634
0.000650115
0.0430631
0.000436425
0.0430068
0.000262276
0.0429706
0.000176673
8.82169e-05
0.0455995
-0.00117968
0.0445327
0.00251959
0.0438769
0.00247763
0.0435334
0.00156133
0.0432782
0.00113113
0.0431155
0.00081277
0.0430287
0.000523185
0.0429838
0.000307172
0.042957
0.000203523
0.000100522
0.046274
-0.000451287
0.0446167
0.00417688
0.0438746
0.00321969
0.0434815
0.00195452
0.0432005
0.00141206
0.0430511
0.000962152
0.0429854
0.000588889
0.0429558
0.000336783
0.0429408
0.000218562
0.000106449
0.0468383
0.00150921
0.0447331
0.0062821
0.0439031
0.00404966
0.0433943
0.00246332
0.0430881
0.00171829
0.042969
0.00108125
0.0429334
0.00062451
0.0429234
0.000346783
0.0429226
0.00021928
0.000104969
0.0477118
0.00600238
0.0448817
0.00911224
0.0439009
0.00503043
0.0432296
0.00313466
0.042933
0.00201483
0.04287
0.00114426
0.0428741
0.000620461
0.0428879
0.000332928
0.0429036
0.000203601
9.54234e-05
0.0491856
0.0134266
0.0453708
0.012927
0.0438032
0.00659798
0.0429062
0.00403169
0.0427028
0.00221818
0.0427425
0.00110457
0.0428049
0.000558104
0.0428501
0.000287682
0.0428846
0.000169126
7.73594e-05
0.0487513
0.0241538
0.0475953
0.0140831
0.0441779
0.0100153
0.0427028
0.00550679
0.0425206
0.00240039
0.0426349
0.000990249
0.0427452
0.000447805
0.0428179
0.000214985
0.0428687
0.000118364
5.20052e-05
0.00496889
0.0244825
0.00513251
0.0139194
0.00554647
0.00960136
0.00597132
0.00508194
0.00626512
0.0021066
0.00647096
0.000784406
0.00663848
0.000280286
0.00678794
6.55285e-05
0.00692934
-2.30437e-05
-8.34351e-05
0.00494583
0.0240317
0.00522639
0.0136389
0.00573403
0.00909372
0.00618393
0.00463204
0.00645714
0.00183339
0.00662798
0.000613562
0.0067573
0.000150967
0.00686749
-4.46544e-05
0.00696916
-0.000124715
-0.000178912
0.004827
0.0227652
0.00531651
0.0131494
0.00591045
0.00849977
0.00637405
0.00416844
0.00662817
0.00157927
0.00676927
0.000472466
0.00686471
5.55276e-05
0.00693943
-0.000119384
0.00700516
-0.000190443
-0.000238245
0.00458766
0.0207746
0.00532066
0.0124164
0.00604785
0.00777259
0.00653894
0.00367736
0.00677958
0.00133863
0.00689487
0.000357183
0.00696023
-9.83902e-06
0.00700342
-0.000162571
0.00703718
-0.000224203
-0.000265441
0.00418147
0.0181944
0.00524342
0.0113544
0.00614808
0.00686792
0.00667854
0.0031469
0.00691074
0.00110642
0.00700408
0.000263845
0.00704331
-4.90664e-05
0.00705905
-0.000178312
0.00706501
-0.000230165
-0.000264707
0.0036551
0.0151111
0.00512223
0.00988728
0.00622076
0.00576939
0.00679405
0.00257361
0.00702113
0.00087934
0.00709623
0.000188746
0.0071134
-6.6228e-05
0.00710596
-0.00017088
0.00708848
-0.000212677
-0.000240426
0.00307063
0.0116302
0.00499462
0.0079633
0.00627501
0.004489
0.00688675
0.00196187
0.00711035
0.000655735
0.00717075
0.000128353
0.00717004
-6.55202e-05
0.00714387
-0.000144707
0.00710743
-0.000176242
-0.000197125
0.00252401
0.00788226
0.00489384
0.00559347
0.00631708
0.00306575
0.00695729
0.00132166
0.00717797
0.000435055
0.00722712
7.92002e-05
0.00721286
-5.12577e-05
0.00717251
-0.000104355
0.00712175
-0.000125486
-0.000139456
0.00212526
0.00397739
0.0048356
0.00288313
0.00634833
0.00155303
0.00700536
0.00066463
0.00722349
0.000216918
0.00726496
3.77307e-05
0.00724158
-2.7871e-05
0.00719171
-5.44896e-05
0.00713135
-6.51288e-05
-7.21556e-05
0.0019289
0.00481302
0.0063657
0.00702986
0.00724642
0.00728396
0.00725598
0.00720134
0.00713617
)
;

boundaryField
{
    inlet
    {
        type            calculated;
        value           nonuniform List<scalar> 
40
(
-0.0429289
-0.0429289
-0.0429289
-0.0429289
-0.0429289
-0.0429289
-0.0429289
-0.0429289
-0.0429289
-0.0429289
-0.00707107
-0.00707107
-0.00707107
-0.00707107
-0.00707107
-0.00707107
-0.00707107
-0.00707107
-0.00707107
-0.00707107
-0.00707107
-0.00707107
-0.00707107
-0.00707107
-0.00707107
-0.00707107
-0.00707107
-0.00707107
-0.00707107
-0.00707107
-0.0429289
-0.0429289
-0.0429289
-0.0429289
-0.0429289
-0.0429289
-0.0429289
-0.0429289
-0.0429289
-0.0429289
)
;
    }
    outlet
    {
        type            calculated;
        value           nonuniform List<scalar> 
40
(
0.042894
0.0429026
0.0429131
0.0429241
0.0429348
0.0429446
0.042953
0.0429596
0.0429642
0.0429665
0.00706404
0.00706405
0.00706408
0.00706413
0.00706419
0.00706427
0.00706437
0.00706449
0.00706463
0.00706478
0.00706478
0.00706463
0.0070645
0.00706438
0.00706428
0.00706419
0.00706413
0.00706408
0.00706405
0.00706404
0.0429666
0.0429643
0.0429597
0.0429531
0.0429447
0.0429349
0.0429241
0.0429132
0.0429027
0.042894
)
;
    }
    cylinder
    {
        type            calculated;
        value           uniform 0;
    }
    top
    {
        type            symmetryPlane;
        value           uniform 0;
    }
    bottom
    {
        type            symmetryPlane;
        value           uniform 0;
    }
    defaultFaces
    {
        type            empty;
        value           nonuniform 0();
    }
}


// ************************************************************************* //
