/*--------------------------------*- C++ -*----------------------------------*\
  =========                 |
  \\      /  F ield         | OpenFOAM: The Open Source CFD Toolbox
   \\    /   O peration     | Website:  https://openfoam.org
    \\  /    A nd           | Version:  6.0
     \\/     M anipulation  |
\*---------------------------------------------------------------------------*/
FoamFile
{
    version     2.0;
    format      ascii;
    class       volVectorField;
    location    "3";
    object      U;
}
// * * * * * * * * * * * * * * * * * * * * * * * * * * * * * * * * * * * * * //

dimensions      [0 1 -1 0 0 0 0];

internalField   nonuniform List<vector> 
2000
(
(-0.0181544 0.0160703 6.04452e-20)
(-0.0669072 0.0277069 5.9461e-20)
(-0.13066 0.0292942 -5.37957e-20)
(-0.186658 0.0262238 -1.07028e-19)
(-0.229475 0.0208357 -7.40491e-20)
(-0.258788 0.0142739 9.55905e-20)
(-0.275264 0.00731438 5.58581e-20)
(-0.281448 0.0007036 -2.10522e-20)
(-0.279815 -0.00472239 -5.33676e-20)
(-0.265647 -0.00826357 2.91598e-20)
(-0.0201121 0.0458105 -1.51409e-19)
(-0.0665004 0.0801359 1.73112e-19)
(-0.124609 0.085737 1.84629e-20)
(-0.175083 0.0775893 -9.20048e-20)
(-0.213142 0.062393 4.32119e-19)
(-0.238446 0.0434725 -1.87099e-19)
(-0.251421 0.0230558 -2.01529e-19)
(-0.254102 0.00329127 2.37926e-19)
(-0.248894 -0.0133078 -2.27053e-19)
(-0.232059 -0.0243462 8.78011e-20)
(-0.0233278 0.0688899 2.49379e-20)
(-0.0654118 0.124003 8.02166e-21)
(-0.112891 0.135758 4.98623e-19)
(-0.152471 0.125442 1.75328e-19)
(-0.180682 0.103209 4.02289e-20)
(-0.197313 0.0742594 2.73411e-19)
(-0.202557 0.041971 -5.08898e-19)
(-0.197664 0.00956159 7.26367e-21)
(-0.184728 -0.0189152 -2.89443e-19)
(-0.161933 -0.0387033 2.34044e-19)
(-0.0267142 0.082337 -4.82065e-20)
(-0.0634685 0.15443 2.31704e-19)
(-0.0969361 0.174592 -6.32488e-19)
(-0.121183 0.165961 -8.0167e-20)
(-0.134676 0.14077 -4.49247e-19)
(-0.137663 0.105646 4.6298e-19)
(-0.130437 0.0646805 -4.81961e-19)
(-0.113605 0.0215217 3.28055e-19)
(-0.0885196 -0.0188725 1.33778e-19)
(-0.0557702 -0.0490716 -1.12048e-19)
(-0.0292686 0.0852878 -5.43408e-19)
(-0.0609295 0.168272 2.54371e-21)
(-0.0795746 0.197584 7.84634e-19)
(-0.0862774 0.193884 2.42715e-19)
(-0.0818592 0.169889 -7.13729e-19)
(-0.0673937 0.133123 4.33162e-19)
(-0.0436418 0.0880391 5.02153e-19)
(-0.0110318 0.0380442 -4.35825e-19)
(0.0301539 -0.0121747 3.07698e-19)
(0.0780489 -0.0534691 5.73751e-20)
(-0.030503 0.0792985 7.48771e-20)
(-0.0584125 0.165287 1.21925e-20)
(-0.0641865 0.20174 -9.82883e-19)
(-0.0541209 0.204011 -5.41834e-19)
(-0.0313802 0.183808 6.36167e-19)
(0.00195995 0.148906 -7.28144e-19)
(0.0446335 0.103926 8.4234e-19)
(0.0960799 0.0518271 -6.50042e-20)
(0.156588 -0.00390783 -2.30718e-19)
(0.227162 -0.0542273 -4.96059e-19)
(-0.0306634 0.0678063 -1.53662e-19)
(-0.056544 0.148661 -2.27644e-19)
(-0.052997 0.187552 -2.71611e-19)
(-0.0290264 0.194 5.5735e-19)
(0.0104562 0.177728 1.02877e-18)
(0.0626155 0.146022 -1.99321e-19)
(0.126027 0.103426 -5.29397e-19)
(0.200135 0.0527168 1.54977e-19)
(0.283444 -0.0040022 -9.84326e-19)
(0.386848 -0.057984 7.95452e-19)
(-0.0305998 0.0548245 9.30328e-19)
(-0.0555472 0.124058 -4.03513e-19)
(-0.0455624 0.159472 7.7548e-19)
(-0.00999125 0.166313 -1.21578e-18)
(0.0456191 0.152119 -5.75256e-19)
(0.118304 0.123114 -7.86899e-19)
(0.206649 0.0834413 2.10842e-19)
(0.309944 0.0361133 -6.52896e-19)
(0.420723 -0.0181411 1.38144e-18)
(0.565542 -0.0680771 2.83948e-19)
(-0.0312284 0.0435033 4.79785e-20)
(-0.0546478 0.0974835 6.58477e-19)
(-0.0378868 0.124362 1.22954e-18)
(0.0108796 0.1277 3.76296e-19)
(0.086524 0.11333 1.06402e-18)
(0.186054 0.0862889 6.19238e-20)
(0.306722 0.0501419 -2.35956e-20)
(0.445559 0.00820116 4.05909e-19)
(0.586618 -0.0398107 3.59928e-19)
(0.768116 -0.07871 -8.40284e-19)
(-0.0327971 0.0352403 -5.12881e-19)
(-0.0514443 0.0732041 -7.12636e-19)
(-0.0225815 0.0889447 -1.00149e-18)
(0.0469293 0.0867048 1.19914e-20)
(0.152142 0.0714568 -4.84369e-19)
(0.28802 0.0473631 7.41771e-19)
(0.446811 0.0173487 -2.0334e-18)
(0.619166 -0.0159841 8.98116e-19)
(0.784134 -0.0514791 3.61543e-19)
(0.973286 -0.0803054 8.2137e-19)
(-0.03446 0.0296498 2.57217e-19)
(-0.0420088 0.0528049 -7.91402e-19)
(0.00913125 0.0577678 6.72136e-19)
(0.111723 0.0507735 -2.53181e-19)
(0.258201 0.0366523 2.6378e-19)
(0.436963 0.0188383 5.70345e-19)
(0.631289 -0.000821917 -7.38676e-19)
(0.823739 -0.021586 1.03509e-19)
(0.993219 -0.0398753 -3.36336e-19)
(1.14222 -0.0734871 3.88305e-19)
(-0.0344777 0.0252775 3.46478e-19)
(-0.0218942 0.0356506 -7.01888e-19)
(0.0644905 0.0327102 9.18037e-19)
(0.213219 0.0246571 -5.52006e-19)
(0.408403 0.0160129 -1.94803e-19)
(0.626705 0.00861376 1.10416e-19)
(0.841887 0.00205674 6.32349e-20)
(1.03339 -0.0039338 7.35374e-19)
(1.18142 -0.0111571 2.12262e-19)
(1.30315 -0.0206843 5.55806e-19)
(-0.0307821 0.0206241 -3.03246e-19)
(0.0129554 0.0203892 8.96934e-19)
(0.147765 0.0142998 -7.24778e-19)
(0.351679 0.0110882 -8.24494e-19)
(0.593114 0.0131433 1.10091e-18)
(0.835131 0.0188323 -8.08709e-19)
(1.04749 0.0248632 2.05342e-19)
(1.2134 0.0290463 -1.10579e-18)
(1.32663 0.029367 7.94942e-19)
(1.40365 0.0271991 1.86814e-20)
(-0.0214194 0.0149297 -3.92018e-19)
(0.0659323 0.00665189 -3.21574e-19)
(0.260262 0.00381962 -6.62803e-19)
(0.52016 0.0123141 7.59785e-19)
(0.793202 0.0288205 -3.64564e-20)
(1.03457 0.0469495 4.55795e-19)
(1.22017 0.0614378 7.75891e-19)
(1.34557 0.0703184 -2.2957e-19)
(1.41763 0.0727273 -6.89731e-19)
(1.45359 0.0724225 1.05371e-18)
(-0.00470146 0.00841589 -2.04869e-19)
(0.139544 -0.00396567 -2.06584e-19)
(0.399707 0.00431044 3.63271e-19)
(0.705196 0.0301255 -6.35531e-19)
(0.98607 0.0611127 1.04559e-19)
(1.20267 0.0874714 8.93088e-20)
(1.3467 0.104784 2.2448e-20)
(1.42844 0.11319 -1.93543e-20)
(1.46431 0.113774 -9.40354e-20)
(1.4732 0.112234 -8.73421e-19)
(0.0207764 0.00212244 8.43736e-19)
(0.234655 -0.0080017 -4.99611e-19)
(0.558839 0.0194416 6.91938e-21)
(0.88924 0.0643825 -6.91805e-19)
(1.15303 0.105794 -2.29424e-19)
(1.32919 0.134562 2.13543e-19)
(1.42849 0.149875 1.40254e-19)
(1.47259 0.15475 -4.95593e-19)
(1.48223 0.152273 3.65403e-19)
(1.47339 0.148566 -3.70405e-19)
(0.0560399 -0.00234087 3.73019e-19)
(0.349312 -0.00107869 -2.91612e-19)
(0.725525 0.051316 1.10842e-18)
(1.05592 0.112439 1.07092e-19)
(1.28442 0.15804 2.32559e-19)
(1.41511 0.184045 9.48825e-19)
(1.4746 0.194357 -1.46999e-19)
(1.49026 0.194416 1.04369e-19)
(1.48243 0.188452 3.36562e-20)
(1.46438 0.182586 -4.72325e-20)
(0.101478 -0.00297256 2.71953e-19)
(0.477877 0.0206731 5.38383e-19)
(0.885889 0.0993079 -5.43764e-19)
(1.19464 0.170367 -1.68887e-19)
(1.37911 0.214035 -1.92478e-19)
(1.46703 0.233694 2.86531e-19)
(1.49485 0.237528 -1.34895e-19)
(1.49082 0.232454 3.47495e-19)
(1.47254 0.223339 1.05917e-19)
(1.44945 0.215156 -1.38881e-19)
(0.156479 0.00242409 -2.95929e-19)
(0.611452 0.0592328 2.27083e-19)
(1.02838 0.16067 -4.46765e-19)
(1.30128 0.234384 1.77984e-19)
(1.44074 0.271263 -1.71997e-19)
(1.49247 0.282466 -1.96008e-19)
(1.49707 0.279293 -1.42744e-19)
(1.48044 0.269248 1.51982e-19)
(1.4563 0.257169 -2.68293e-19)
(1.43121 0.246543 1.30305e-19)
(0.219134 0.0159084 -1.09511e-19)
(0.739889 0.114064 -1.80245e-19)
(1.14575 0.231759 8.09582e-20)
(1.37617 0.301381 6.46813e-21)
(1.47451 0.328091 5.67453e-20)
(1.49791 0.329839 6.93151e-20)
(1.48668 0.319689 5.77928e-20)
(1.46264 0.304978 -7.4885e-20)
(1.43566 0.290125 5.96046e-20)
(1.41004 0.27671 -7.30449e-20)
(0.286166 0.0389638 -6.98706e-20)
(0.854215 0.182517 -2.42073e-20)
(1.2347 0.308808 7.53117e-20)
(1.42188 0.368858 -3.40258e-20)
(1.48549 0.383357 7.41808e-20)
(1.4882 0.375411 -8.97545e-20)
(1.46708 0.358578 2.07711e-20)
(1.43926 0.339494 2.00288e-20)
(1.41131 0.321819 -7.34872e-21)
(1.38623 0.305273 2.29075e-20)
(0.353233 0.0720995 -8.31475e-20)
(0.948018 0.260736 -2.87181e-19)
(1.2947 0.388223 -1.7023e-20)
(1.44179 0.434737 4.21461e-21)
(1.47795 0.436078 -2.62548e-19)
(1.46671 0.418691 3.31449e-20)
(1.44024 0.395592 -2.63705e-20)
(1.41115 0.372385 -5.87995e-20)
(1.38351 0.351809 1.1697e-19)
(1.35972 0.331871 -1.6639e-19)
(0.415548 0.114633 -4.6357e-20)
(1.01756 0.34442 6.11725e-19)
(1.32691 0.466688 6.39208e-20)
(1.43933 0.497192 -4.32128e-19)
(1.45526 0.485276 -4.27827e-20)
(1.4357 0.458999 -3.27356e-19)
(1.40729 0.430096 2.23755e-19)
(1.37872 0.402978 -7.67085e-20)
(1.35234 0.379383 1.34165e-19)
(1.33047 0.355945 -7.76376e-20)
(0.468628 0.164724 -2.62387e-19)
(1.06133 0.429279 2.17238e-19)
(1.33344 0.541205 -1.24611e-19)
(1.41769 0.554544 8.43331e-19)
(1.42 0.529905 3.57286e-19)
(1.3967 0.495475 -7.67387e-20)
(1.36894 0.461268 2.50127e-19)
(1.34224 0.430468 -1.54651e-19)
(1.31793 0.403847 -4.13955e-20)
(1.29858 0.377068 2.21725e-19)
(0.508893 0.219608 -4.70844e-19)
(1.07943 0.51124 5.17551e-19)
(1.31693 0.609089 -8.35139e-19)
(1.37976 0.605209 1.15304e-19)
(1.37426 0.56884 1.94787e-19)
(1.35087 0.527125 -2.81878e-19)
(1.32575 0.488151 -3.17188e-19)
(1.30204 0.453937 1.40203e-19)
(1.28057 0.424401 -1.63925e-19)
(1.26424 0.394662 1.67917e-19)
(0.533989 0.275935 -1.1863e-19)
(1.07313 0.586533 -5.1621e-19)
(1.28021 0.667937 2.55118e-19)
(1.32813 0.64766 3.66623e-19)
(1.31979 0.600902 -1.99733e-19)
(1.29924 0.552902 -1.33832e-19)
(1.27839 0.509791 -9.39145e-20)
(1.25871 0.472503 -4.10682e-20)
(1.24091 0.440306 8.1364e-22)
(1.22827 0.408229 9.25626e-20)
(0.542864 0.330133 1.39212e-19)
(1.04454 0.651761 -5.51927e-19)
(1.22621 0.715604 7.10307e-19)
(1.26517 0.680396 -3.83036e-19)
(1.25809 0.624809 1.04105e-19)
(1.24278 0.571657 -1.30337e-19)
(1.22766 0.525186 1.28831e-19)
(1.21321 0.485281 5.20347e-20)
(1.20022 0.450762 4.35261e-20)
(1.19211 0.417097 -5.60383e-20)
(0.53568 0.378766 -4.14598e-19)
(0.996383 0.704015 5.92776e-19)
(1.15783 0.750264 -2.94756e-20)
(1.19297 0.701995 -1.29684e-19)
(1.1904 0.639149 -1.5214e-19)
(1.18216 0.581916 2.3931e-20)
(1.17416 0.532879 -4.30029e-20)
(1.1665 0.490935 -1.76654e-20)
(1.16003 0.454681 1.51325e-20)
(1.15747 0.420623 2.54272e-20)
(0.513656 0.418818 4.9586e-19)
(0.931841 0.741005 -1.65547e-19)
(1.07802 0.770579 -8.74641e-20)
(1.11349 0.711419 2.08152e-19)
(1.1177 0.642741 -9.0921e-20)
(1.11761 0.582051 -2.19572e-20)
(1.11769 0.530571 -1.04315e-19)
(1.1184 0.48652 -4.73367e-20)
(1.12026 0.449065 -6.20766e-20)
(1.12351 0.416884 2.79055e-20)
(0.478865 0.447878 -3.31905e-19)
(0.854503 0.761098 1.3325e-19)
(0.989851 0.775778 -5.71484e-20)
(1.02882 0.708365 -7.93052e-20)
(1.04109 0.635541 1.46252e-20)
(1.0493 0.571904 2.1918e-19)
(1.05741 0.517208 -6.61842e-20)
(1.06684 0.468897 6.81404e-20)
(1.07701 0.427662 1.02487e-19)
(1.08348 0.398545 2.90831e-19)
(0.433975 0.464176 6.73769e-20)
(0.768226 0.763211 -7.31648e-20)
(0.896579 0.765419 4.1858e-19)
(0.941413 0.69293 -8.13511e-20)
(0.962445 0.618573 4.59138e-19)
(0.978585 0.554105 2.83996e-19)
(0.993628 0.497663 -6.37933e-19)
(1.01006 0.444753 9.46589e-19)
(1.02603 0.392972 -1.9545e-19)
(1.02623 0.349906 3.32214e-19)
(0.381989 0.466579 -8.70141e-20)
(0.676948 0.746758 -1.66975e-19)
(0.801524 0.739125 1.69428e-19)
(0.854048 0.664654 -3.12086e-19)
(0.884596 0.591455 -1.00635e-18)
(0.90892 0.529332 -3.97061e-19)
(0.930357 0.476428 -3.32854e-19)
(0.950643 0.429897 1.62721e-19)
(0.965572 0.389924 1.2863e-18)
(0.962991 0.360732 -2.30421e-19)
(0.326023 0.454611 1.26249e-19)
(0.584492 0.711783 -4.35787e-19)
(0.707793 0.697005 1.02157e-19)
(0.769201 0.623209 -6.99677e-19)
(0.809963 0.552475 1.46688e-18)
(0.84348 0.492413 -1.65234e-19)
(0.872605 0.440594 7.4073e-19)
(0.89843 0.394288 -1.00541e-18)
(0.91723 0.354581 3.09617e-19)
(0.920397 0.328105 4.13334e-20)
(0.269173 0.428415 7.65512e-20)
(0.494542 0.658945 4.8891e-19)
(0.618314 0.639873 -1.53179e-18)
(0.688818 0.569931 6.99102e-19)
(0.739101 0.504604 1.07039e-21)
(0.780707 0.449985 -2.21214e-19)
(0.816482 0.40373 2.65623e-19)
(0.847611 0.363197 -2.52269e-19)
(0.871245 0.328229 -8.32139e-19)
(0.881178 0.30263 -2.00066e-19)
(0.214387 0.38865 3.24734e-19)
(0.410599 0.589268 3.36103e-19)
(0.53618 0.56829 1.33062e-18)
(0.615921 0.504355 -7.08107e-19)
(0.675533 0.445482 1.38712e-18)
(0.72492 0.396326 -2.85776e-19)
(0.766949 0.354791 -2.85054e-19)
(0.80321 0.31891 3.2101e-19)
(0.831857 0.28866 2.03397e-19)
(0.848238 0.266529 6.40339e-19)
(0.1643 0.33652 -3.72027e-19)
(0.335589 0.504509 9.52978e-20)
(0.463509 0.484036 2.79814e-20)
(0.551686 0.428623 7.32674e-19)
(0.619607 0.378339 -1.73294e-18)
(0.675964 0.336642 2.84414e-19)
(0.723654 0.301569 5.84006e-19)
(0.764539 0.27132 -6.80549e-19)
(0.79772 0.245583 2.31196e-19)
(0.820107 0.226056 -9.31825e-19)
(0.121279 0.273635 8.12944e-20)
(0.272294 0.406686 3.75846e-19)
(0.40274 0.388593 1.42232e-19)
(0.498247 0.343403 1.76366e-19)
(0.573201 0.302754 3.16702e-19)
(0.635419 0.269169 8.84657e-19)
(0.687903 0.241082 -1.03396e-18)
(0.73276 0.217059 -5.53303e-19)
(0.769898 0.196634 8.99389e-20)
(0.797492 0.180769 6.07699e-19)
(0.0872484 0.201981 -4.93046e-19)
(0.222842 0.298315 -4.91056e-20)
(0.35555 0.284238 -3.94342e-19)
(0.4569 0.250879 5.19396e-20)
(0.53738 0.221077 -3.00436e-19)
(0.604169 0.196513 -3.24937e-19)
(0.660362 0.176014 -4.58069e-19)
(0.7083 0.158527 1.18225e-18)
(0.748604 0.143621 1.94603e-19)
(0.780421 0.131848 -2.60165e-19)
(0.063708 0.123845 2.65741e-19)
(0.18892 0.182164 3.01243e-19)
(0.323308 0.173241 1.11254e-19)
(0.428712 0.152774 -5.67872e-19)
(0.512995 0.134571 -2.48936e-19)
(0.582929 0.119598 -5.13849e-20)
(0.641668 0.107132 9.4821e-20)
(0.691726 0.0965252 7.29773e-20)
(0.734245 0.0874697 -5.36631e-19)
(0.769027 0.080239 2.69077e-19)
(0.05168 0.0417323 -1.40193e-19)
(0.171672 0.0612609 -1.34951e-19)
(0.306955 0.0582074 1.01822e-19)
(0.414434 0.0513104 8.48325e-20)
(0.500654 0.0451886 8.22791e-20)
(0.572186 0.0401577 1.18032e-19)
(0.632219 0.0359738 -6.96022e-21)
(0.683361 0.0324182 -1.4164e-19)
(0.727028 0.0293811 1.28469e-19)
(0.763342 0.0269448 -1.68385e-19)
(0.0516796 -0.0417214 -1.41849e-19)
(0.171672 -0.0612437 -1.29463e-19)
(0.306954 -0.0581898 1.12198e-19)
(0.414434 -0.051294 2.05427e-19)
(0.500653 -0.0451736 1.28023e-19)
(0.572186 -0.0401439 -1.60623e-19)
(0.632219 -0.0359612 -8.19499e-20)
(0.68336 -0.0324066 3.54033e-20)
(0.727027 -0.0293704 7.501e-20)
(0.763341 -0.0269351 -3.88067e-20)
(0.0637068 -0.123834 3.37334e-19)
(0.188918 -0.182147 -3.59979e-19)
(0.323306 -0.173223 -2.89208e-20)
(0.42871 -0.152758 1.774e-19)
(0.512993 -0.134556 -7.55356e-19)
(0.582928 -0.119584 3.05727e-19)
(0.641667 -0.10712 2.98542e-19)
(0.691725 -0.0965137 -3.38844e-19)
(0.734244 -0.0874591 3.10708e-19)
(0.769026 -0.0802293 -1.2013e-19)
(0.0872465 -0.201971 -5.64689e-20)
(0.222839 -0.298298 -1.9344e-21)
(0.355547 -0.284221 -9.15052e-19)
(0.456897 -0.250862 -2.70067e-19)
(0.537377 -0.221062 -2.25928e-20)
(0.604167 -0.1965 -3.98915e-19)
(0.660359 -0.176002 7.10462e-19)
(0.708298 -0.158515 -2.5853e-20)
(0.748602 -0.143611 3.76116e-19)
(0.78042 -0.131839 -2.85233e-19)
(0.121277 -0.273625 9.45146e-20)
(0.27229 -0.406669 -3.75499e-19)
(0.402735 -0.388576 1.09853e-18)
(0.498243 -0.343387 1.48246e-19)
(0.573198 -0.30274 6.78914e-19)
(0.635416 -0.269156 -6.26607e-19)
(0.6879 -0.24107 6.29283e-19)
(0.732757 -0.217048 -4.38205e-19)
(0.769895 -0.196624 -1.86761e-19)
(0.79749 -0.18076 1.35246e-19)
(0.164297 -0.33651 8.13204e-19)
(0.335583 -0.504493 1.82794e-20)
(0.463503 -0.484019 -1.13392e-18)
(0.551681 -0.428607 -3.10359e-19)
(0.619602 -0.378324 9.8564e-19)
(0.675959 -0.336628 -5.48476e-19)
(0.72365 -0.301557 -6.00806e-19)
(0.764536 -0.271309 5.22735e-19)
(0.797717 -0.245573 -3.41435e-19)
(0.820105 -0.226047 -6.45659e-20)
(0.214383 -0.388641 -1.24056e-19)
(0.410593 -0.589253 -8.0821e-21)
(0.536173 -0.568274 1.19254e-18)
(0.615915 -0.50434 6.58936e-19)
(0.675527 -0.445468 -7.37091e-19)
(0.724915 -0.396313 8.56028e-19)
(0.766944 -0.354779 -8.75292e-19)
(0.803205 -0.3189 8.76902e-20)
(0.831853 -0.28865 2.44432e-19)
(0.848235 -0.26652 4.87386e-19)
(0.269169 -0.428406 1.0896e-19)
(0.494535 -0.65893 1.53152e-19)
(0.618306 -0.639858 1.75231e-19)
(0.68881 -0.569917 -5.87359e-19)
(0.739094 -0.504591 -1.00691e-18)
(0.780701 -0.449972 2.0546e-19)
(0.816476 -0.403719 5.67222e-19)
(0.847606 -0.363186 -1.56193e-19)
(0.871241 -0.328219 8.97233e-19)
(0.881174 -0.302621 -7.62822e-19)
(0.326017 -0.454602 -5.8745e-19)
(0.584484 -0.711769 1.46111e-19)
(0.707784 -0.69699 -6.04922e-19)
(0.769193 -0.623195 9.5533e-19)
(0.809955 -0.552463 4.68888e-19)
(0.843473 -0.492401 6.27072e-19)
(0.872598 -0.440584 -1.36192e-19)
(0.898424 -0.394278 5.26949e-19)
(0.917224 -0.354572 -1.0808e-18)
(0.920392 -0.328097 -2.45357e-19)
(0.381984 -0.466571 1.14634e-19)
(0.676939 -0.746744 -2.75995e-19)
(0.801514 -0.739111 -5.1192e-19)
(0.854039 -0.66464 -2.67561e-19)
(0.884587 -0.591443 -6.94407e-19)
(0.908912 -0.529321 -7.29456e-20)
(0.930349 -0.476418 5.83028e-20)
(0.950637 -0.429888 -2.37033e-19)
(0.965566 -0.389916 -2.64872e-19)
(0.962986 -0.360724 5.99049e-19)
(0.433969 -0.464168 4.46134e-20)
(0.768216 -0.763198 1.04106e-19)
(0.896568 -0.765405 3.95519e-19)
(0.941402 -0.692918 4.93296e-20)
(0.962435 -0.618561 2.81326e-19)
(0.978576 -0.554094 -3.57387e-19)
(0.99362 -0.497654 1.06294e-18)
(1.01006 -0.444744 -4.52218e-19)
(1.02602 -0.392964 -2.19212e-19)
(1.02622 -0.349899 -5.68296e-19)
(0.478859 -0.447871 -1.09262e-20)
(0.854493 -0.761086 -1.09788e-19)
(0.989839 -0.775766 2.00515e-20)
(1.02881 -0.708354 3.97635e-20)
(1.04108 -0.63553 -5.36833e-20)
(1.04929 -0.571894 -1.65257e-19)
(1.0574 -0.517199 2.08576e-19)
(1.06683 -0.468889 -7.72896e-20)
(1.077 -0.427655 9.77002e-20)
(1.08347 -0.398538 -1.69102e-19)
(0.51365 -0.418812 1.62413e-19)
(0.93183 -0.740995 -3.36295e-19)
(1.07801 -0.770567 2.38105e-19)
(1.11348 -0.711408 -9.65689e-21)
(1.11769 -0.642731 -5.41897e-20)
(1.1176 -0.582042 2.03001e-20)
(1.11768 -0.530562 -4.87147e-21)
(1.11839 -0.486512 -1.29594e-19)
(1.12025 -0.449058 -6.96146e-20)
(1.1235 -0.416878 -1.32567e-19)
(0.535674 -0.378761 -2.29355e-19)
(0.996372 -0.704006 6.02535e-19)
(1.15781 -0.750253 -3.05385e-19)
(1.19295 -0.701985 -1.48733e-19)
(1.19039 -0.639139 1.6683e-19)
(1.18215 -0.581907 -3.81365e-20)
(1.17415 -0.532871 1.73092e-20)
(1.16649 -0.490928 3.8441e-20)
(1.16003 -0.454674 -4.23294e-20)
(1.15747 -0.420616 2.02581e-21)
(0.542858 -0.33013 -3.87329e-19)
(1.04453 -0.651753 -2.38305e-19)
(1.22619 -0.715594 -3.91045e-19)
(1.26516 -0.680386 4.29953e-19)
(1.25808 -0.6248 -1.71548e-20)
(1.24277 -0.571649 1.21377e-19)
(1.22765 -0.525178 1.46495e-19)
(1.2132 -0.485274 -4.80645e-20)
(1.20021 -0.450755 -4.91667e-20)
(1.1921 -0.417091 6.39505e-20)
(0.533984 -0.275932 -2.26596e-19)
(1.07312 -0.586525 -2.33183e-19)
(1.28019 -0.667928 2.80396e-19)
(1.32812 -0.647651 -3.98584e-19)
(1.31977 -0.600894 7.47468e-20)
(1.29923 -0.552895 3.38708e-20)
(1.27838 -0.509785 4.77124e-20)
(1.2587 -0.472497 -3.05793e-20)
(1.2409 -0.4403 -4.05923e-20)
(1.22826 -0.408223 -1.77883e-19)
(0.508888 -0.219606 9.22578e-19)
(1.07941 -0.511234 -5.41766e-19)
(1.31691 -0.609081 1.20847e-20)
(1.37974 -0.605201 -5.44982e-19)
(1.37425 -0.568833 -1.29267e-19)
(1.35086 -0.527118 1.13163e-19)
(1.32574 -0.488145 7.0078e-20)
(1.30203 -0.453931 -2.29729e-19)
(1.28056 -0.424396 1.13629e-19)
(1.26423 -0.394657 -1.45077e-19)
(0.468624 -0.164723 4.20224e-19)
(1.06132 -0.429274 -3.08517e-19)
(1.33343 -0.541198 1.04852e-18)
(1.41767 -0.554537 5.98223e-20)
(1.41999 -0.529898 1.87494e-19)
(1.39669 -0.495469 6.07501e-19)
(1.36893 -0.461263 -1.1904e-19)
(1.34223 -0.430463 3.12145e-20)
(1.31792 -0.403843 -9.35172e-21)
(1.29857 -0.377064 -2.26921e-20)
(0.415546 -0.114632 2.99285e-19)
(1.01755 -0.344415 5.81916e-19)
(1.32689 -0.466682 -5.09575e-19)
(1.43931 -0.497186 -1.20265e-19)
(1.45524 -0.485271 -1.22577e-19)
(1.43569 -0.458994 2.345e-19)
(1.40728 -0.430092 -1.02134e-19)
(1.37871 -0.402973 2.33474e-19)
(1.35233 -0.379379 5.63489e-20)
(1.33046 -0.355942 -7.83228e-20)
(0.353232 -0.072099 -3.22915e-19)
(0.948009 -0.260732 2.32847e-19)
(1.29468 -0.388218 -4.48631e-19)
(1.44177 -0.434732 1.66552e-19)
(1.47794 -0.436073 -1.51553e-19)
(1.4667 -0.418686 -1.63137e-19)
(1.44023 -0.395588 -1.15524e-19)
(1.41114 -0.372381 1.22417e-19)
(1.3835 -0.351806 -2.05046e-19)
(1.35971 -0.331869 1.02819e-19)
(0.286165 -0.0389635 -1.14469e-19)
(0.854207 -0.182515 -1.85029e-19)
(1.23468 -0.308804 8.2126e-20)
(1.42186 -0.368853 7.48542e-21)
(1.48547 -0.383353 5.26991e-20)
(1.48818 -0.375408 6.65356e-20)
(1.46706 -0.358575 5.12485e-20)
(1.43924 -0.339491 -6.78857e-20)
(1.4113 -0.321817 5.24977e-20)
(1.38622 -0.305271 -6.49298e-20)
(0.219134 -0.015908 -6.61093e-20)
(0.739882 -0.114062 -2.15087e-20)
(1.14573 -0.231756 7.64082e-20)
(1.37615 -0.301377 -3.4113e-20)
(1.47449 -0.328088 8.02159e-20)
(1.49789 -0.329836 -9.51129e-20)
(1.48667 -0.319687 2.42247e-20)
(1.46263 -0.304977 1.91725e-20)
(1.43565 -0.290124 -5.92582e-21)
(1.41003 -0.276709 2.2552e-20)
(0.156481 -0.00242355 -7.13153e-20)
(0.611448 -0.059231 -2.72535e-19)
(1.02837 -0.160667 -2.0891e-20)
(1.30127 -0.234381 7.26407e-21)
(1.44072 -0.27126 -3.02221e-19)
(1.49245 -0.282464 3.0825e-20)
(1.49705 -0.279291 -3.0863e-20)
(1.48042 -0.269247 -7.46546e-20)
(1.45628 -0.257169 1.53081e-19)
(1.4312 -0.246543 -2.18037e-19)
(0.10148 0.00297339 -3.71029e-20)
(0.477875 -0.0206713 5.72537e-19)
(0.88588 -0.0993048 7.71537e-20)
(1.19463 -0.170363 -4.63878e-19)
(1.37909 -0.214032 -5.85002e-20)
(1.46701 -0.233692 -4.46657e-19)
(1.49483 -0.237527 3.233e-19)
(1.4908 -0.232454 -1.18295e-19)
(1.47252 -0.22334 2.18972e-19)
(1.44944 -0.215157 -1.42341e-19)
(0.056043 0.00234206 -2.32287e-19)
(0.349312 0.00108075 2.20108e-19)
(0.725518 -0.0513129 -1.4739e-19)
(1.05591 -0.112436 9.98509e-19)
(1.28441 -0.158037 4.92112e-19)
(1.4151 -0.184043 -1.16118e-19)
(1.47458 -0.194357 4.39192e-19)
(1.49024 -0.194417 -2.63458e-19)
(1.48241 -0.188454 -6.85236e-20)
(1.46437 -0.182589 4.42417e-19)
(0.0207801 -0.00212085 -4.27854e-19)
(0.234658 0.00800427 5.19638e-19)
(0.558834 -0.0194383 -9.64585e-19)
(0.889228 -0.064379 1.56311e-19)
(1.15302 -0.105791 3.72631e-19)
(1.32917 -0.13456 -4.48017e-19)
(1.42847 -0.149876 -7.28775e-19)
(1.47257 -0.154752 3.72844e-19)
(1.48221 -0.152276 -4.30905e-19)
(1.47338 -0.14857 5.29434e-19)
(-0.00469741 -0.00841395 -1.04401e-19)
(0.139549 0.00396888 -5.33401e-19)
(0.399706 -0.00430676 2.48726e-19)
(0.705186 -0.0301218 5.99877e-19)
(0.986053 -0.0611097 -3.08585e-19)
(1.20264 -0.0874698 -2.8829e-19)
(1.34668 -0.104784 -4.59936e-19)
(1.42842 -0.113192 -1.78086e-19)
(1.46429 -0.113778 -2.2565e-20)
(1.47318 -0.112239 5.16096e-19)
(-0.0214153 -0.0149275 1.71885e-19)
(0.0659384 -0.00664806 -7.13121e-19)
(0.260264 -0.00381534 1.17771e-18)
(0.520154 -0.0123099 -6.20507e-19)
(0.793188 -0.0288171 3.93134e-19)
(1.03455 -0.0469475 -4.64719e-19)
(1.22015 -0.0614378 4.96946e-19)
(1.34555 -0.0703207 4.07106e-19)
(1.41761 -0.0727314 7.60164e-19)
(1.45357 -0.0724291 -9.61796e-19)
(-0.0307781 -0.0206219 -5.30983e-19)
(0.0129624 -0.020385 9.09586e-19)
(0.147771 -0.0142948 1.60031e-20)
(0.351678 -0.0110833 -2.94377e-19)
(0.593103 -0.0131391 -1.45578e-19)
(0.835112 -0.0188295 1.1458e-19)
(1.04746 -0.0248624 -8.12316e-19)
(1.21337 -0.029048 5.59722e-19)
(1.3266 -0.0293709 -7.06795e-19)
(1.40362 -0.0272064 -2.14527e-19)
(-0.0344742 -0.0252755 9.30989e-19)
(-0.0218868 -0.0356461 -2.40958e-19)
(0.0644979 -0.0327044 -4.42663e-19)
(0.213222 -0.0246509 1.14808e-18)
(0.408398 -0.0160072 -1.09139e-18)
(0.626691 -0.00860936 5.93789e-19)
(0.841863 -0.00205443 6.10646e-19)
(1.03336 0.00393335 1.54495e-19)
(1.18139 0.0111539 1.54787e-19)
(1.30311 0.0206774 -1.35982e-19)
(-0.0344572 -0.0296483 -9.07296e-19)
(-0.0420018 -0.0528002 7.26525e-19)
(0.00913974 -0.0577607 -6.10866e-19)
(0.111729 -0.0507651 7.44148e-19)
(0.258202 -0.0366438 -2.10646e-19)
(0.436955 -0.018831 -7.39208e-19)
(0.63127 0.000827 2.04687e-19)
(0.82371 0.0215877 -3.0497e-19)
(0.993183 0.0398736 -3.31704e-19)
(1.14217 0.0734792 -7.2118e-19)
(-0.0327951 -0.0352391 -1.19011e-18)
(-0.0514381 -0.0731985 7.80826e-19)
(-0.0225734 -0.088935 -1.46664e-18)
(0.0469364 -0.0866925 2.5165e-19)
(0.152145 -0.0714436 -9.54107e-19)
(0.288016 -0.0473508 -5.72829e-19)
(0.446798 -0.0173388 1.34413e-18)
(0.619141 0.0159903 -1.83083e-18)
(0.7841 0.0514809 3.53916e-19)
(0.973237 0.0803013 -4.58357e-19)
(-0.031227 -0.0435019 5.93447e-19)
(-0.0546429 -0.0974755 2.22073e-19)
(-0.0378808 -0.124347 -7.67181e-20)
(0.0108844 -0.127682 5.43775e-19)
(0.0865255 -0.113309 1.57561e-18)
(0.18605 -0.0862691 5.49586e-19)
(0.306711 -0.0501247 5.62008e-19)
(0.445538 -0.0081878 -1.92717e-19)
(0.586588 0.0398186 -1.86197e-18)
(0.768069 0.0787111 3.4618e-19)
(-0.0305987 -0.0548218 -1.80235e-19)
(-0.0555435 -0.124045 4.76277e-19)
(-0.0455594 -0.15945 -1.19556e-19)
(-0.00999111 -0.166285 7.98401e-19)
(0.0456152 -0.152089 -1.77049e-18)
(0.118295 -0.123085 1.65752e-19)
(0.206635 -0.0834148 -8.46835e-19)
(0.309922 -0.0360911 1.26067e-18)
(0.420694 0.0181571 -3.55727e-19)
(0.565497 0.0680848 -3.71096e-20)
(-0.0306621 -0.0678008 -1.21404e-19)
(-0.0565413 -0.148641 -5.69321e-19)
(-0.0529971 -0.187521 1.38932e-18)
(-0.0290314 -0.193962 -6.89023e-19)
(0.0104455 -0.177688 3.31866e-20)
(0.0625992 -0.145983 2.08594e-19)
(0.126005 -0.10339 -2.24154e-19)
(0.200108 -0.0526859 2.57261e-19)
(0.283411 0.00402607 9.0066e-19)
(0.386804 0.0579982 1.68114e-19)
(-0.0305013 -0.0792885 -2.85564e-19)
(-0.0584105 -0.165257 -2.61375e-19)
(-0.064189 -0.201697 -1.09442e-18)
(-0.0541298 -0.203962 5.70823e-19)
(-0.0313957 -0.183758 -1.15611e-18)
(0.0019379 -0.148858 2.49323e-19)
(0.0446055 -0.103882 2.81574e-19)
(0.0960467 -0.0517899 -3.1491e-19)
(0.15655 0.00393675 -1.98748e-19)
(0.227116 0.0542457 -6.35424e-19)
(-0.0292664 -0.0852721 2.26289e-19)
(-0.0609279 -0.168232 -4.22975e-20)
(-0.0795783 -0.197531 -3.23986e-21)
(-0.0862877 -0.193826 -5.30812e-19)
(-0.0818763 -0.169831 1.28565e-18)
(-0.067417 -0.133069 -1.9273e-19)
(-0.0436707 -0.0879915 -5.00197e-19)
(-0.0110656 -0.0380045 5.98365e-19)
(0.0301153 0.0122047 -2.07383e-19)
(0.0780047 0.0534885 8.37651e-19)
(-0.0267119 -0.0823152 -4.18134e-20)
(-0.063467 -0.154382 -2.03448e-19)
(-0.0969397 -0.17453 -7.57417e-20)
(-0.121192 -0.165896 -9.16847e-20)
(-0.134691 -0.140707 -1.9463e-19)
(-0.137683 -0.10559 -6.21921e-19)
(-0.130461 -0.064632 7.65023e-19)
(-0.113632 -0.0214828 4.44773e-19)
(-0.0885515 0.018901 -8.07997e-20)
(-0.0558058 0.0490899 -5.07288e-19)
(-0.0233256 -0.0688625 2.3519e-19)
(-0.0654105 -0.123947 3.5387e-20)
(-0.112894 -0.135689 2.18218e-19)
(-0.152478 -0.125373 -2.68663e-20)
(-0.180693 -0.103144 1.87889e-19)
(-0.197326 -0.0742023 2.09108e-19)
(-0.202573 -0.0419236 3.10731e-19)
(-0.197682 -0.0095247 -8.73017e-19)
(-0.184748 0.0189417 -1.59532e-19)
(-0.161956 0.0387203 2.12038e-19)
(-0.0201105 -0.045779 -1.17096e-19)
(-0.0664995 -0.0800744 -1.37088e-19)
(-0.12461 -0.0856651 -6.64253e-20)
(-0.175087 -0.0775178 2.9701e-19)
(-0.213148 -0.0623275 1.4159e-19)
(-0.238454 -0.0434161 2.73907e-20)
(-0.251429 -0.0230099 -6.13284e-20)
(-0.254111 -0.00325623 -4.47677e-20)
(-0.248904 0.0133327 3.92364e-19)
(-0.23207 0.0243622 -2.00078e-19)
(-0.0181538 -0.0160367 5.9166e-20)
(-0.0669069 -0.0276429 6.08179e-20)
(-0.130661 -0.0292205 -4.97268e-20)
(-0.186659 -0.0261514 -4.38314e-20)
(-0.229477 -0.0207702 -4.3955e-20)
(-0.25879 -0.0142182 -6.98781e-20)
(-0.275266 -0.00726954 1.45736e-21)
(-0.281451 -0.000669714 9.35946e-20)
(-0.279818 0.00474635 -9.22169e-20)
(-0.26565 0.00827893 1.24168e-19)
(0.0595029 -0.0263916 3.47748e-21)
(0.454727 -0.0177821 -1.66171e-21)
(0.764848 -0.00896402 -2.93936e-22)
(0.90388 -0.0039773 1.53683e-22)
(0.961262 -0.00155907 2.59947e-23)
(0.982578 -0.00061211 -2.28717e-23)
(0.99138 -0.000263575 -3.1594e-23)
(0.995643 -0.000120438 1.0239e-23)
(0.997547 -6.57149e-05 -7.95612e-25)
(0.999006 -2.93267e-05 7.50556e-24)
(0.117304 -0.078074 9.31925e-21)
(0.469528 -0.0523623 3.69769e-21)
(0.769334 -0.0266768 2.43279e-21)
(0.905272 -0.0118807 -2.54773e-21)
(0.961678 -0.00466772 -1.26182e-22)
(0.982695 -0.00183531 1.07765e-22)
(0.991412 -0.00079169 -1.23148e-22)
(0.995654 -0.000364264 -3.08213e-23)
(0.997552 -0.000197962 -6.31925e-23)
(0.999008 -8.73549e-05 -6.48642e-24)
(0.231357 -0.127288 3.7707e-21)
(0.501974 -0.084107 -2.26918e-21)
(0.778982 -0.0436522 -2.19122e-21)
(0.90822 -0.01958 2.23224e-21)
(0.962546 -0.00771903 -1.4101e-22)
(0.982936 -0.00304216 9.45194e-23)
(0.99148 -0.00131528 4.53372e-23)
(0.995676 -0.000606825 -1.09366e-23)
(0.997563 -0.000329714 4.3679e-23)
(0.999012 -0.000145193 -8.80635e-24)
(0.385615 -0.173022 -1.43499e-20)
(0.553694 -0.11151 -8.7644e-21)
(0.794304 -0.0592888 1.40844e-21)
(0.912867 -0.0269004 -1.87295e-21)
(0.963907 -0.010665 2.09297e-21)
(0.983314 -0.00421936 -6.16228e-22)
(0.991585 -0.00183076 3.64184e-23)
(0.995711 -0.000847132 -4.99973e-23)
(0.997579 -0.000460604 5.12668e-23)
(0.999019 -0.000202706 3.76225e-24)
(0.553411 -0.213237 3.13658e-20)
(0.621377 -0.1337 -6.05355e-21)
(0.814787 -0.0730187 -1.93747e-21)
(0.919134 -0.0336607 4.11697e-21)
(0.965763 -0.0134548 -1.57331e-21)
(0.983837 -0.0053526 -4.71737e-22)
(0.991733 -0.0023341 -3.72633e-22)
(0.99576 -0.00108402 -8.29631e-23)
(0.997601 -0.000590193 -1.21736e-22)
(0.999028 -0.000259737 -1.64827e-23)
(0.714348 -0.24506 -1.01595e-20)
(0.697645 -0.149974 2.03132e-20)
(0.838784 -0.0843415 5.26305e-22)
(0.926671 -0.0397005 -4.74578e-21)
(0.968063 -0.0160455 9.77972e-22)
(0.984505 -0.00642937 6.01397e-22)
(0.991928 -0.00282157 3.9603e-22)
(0.995825 -0.00131638 9.86585e-23)
(0.997631 -0.000718047 5.19895e-23)
(0.999039 -0.000316124 2.40782e-23)
(0.860381 -0.267895 -1.07659e-20)
(0.774891 -0.15998 -1.14747e-20)
(0.86413 -0.0930278 2.9018e-21)
(0.934956 -0.04494 2.15225e-21)
(0.970718 -0.0184146 -9.48017e-22)
(0.985314 -0.00744136 2.73698e-22)
(0.992172 -0.00329021 -3.72574e-22)
(0.995908 -0.0015433 -1.17697e-22)
(0.997668 -0.000843819 1.9372e-23)
(0.999053 -0.000371727 8.31071e-24)
(0.990421 -0.287584 3.50382e-20)
(0.847915 -0.16744 6.35726e-22)
(0.888953 -0.100208 -7.33531e-21)
(0.943478 -0.0495411 5.08256e-21)
(0.973629 -0.020557 -1.65775e-21)
(0.986253 -0.00837491 1.13479e-21)
(0.992468 -0.00373353 5.53352e-22)
(0.996011 -0.00176227 1.71224e-22)
(0.997713 -0.000966542 1.38926e-22)
(0.99907 -0.00042627 1.04381e-23)
(1.10394 -0.310023 -5.04899e-20)
(0.91451 -0.181631 -3.47269e-21)
(0.912375 -0.108339 3.93872e-21)
(0.951932 -0.0537465 -6.02505e-21)
(0.976711 -0.0224214 2.02312e-21)
(0.987301 -0.00919558 -8.56458e-22)
(0.99281 -0.00413504 -6.1834e-22)
(0.996132 -0.0019655 -5.9156e-23)
(0.997767 -0.00108299 -6.99048e-23)
(0.99909 -0.00047888 -3.68597e-23)
(1.19748 -0.312247 -3.92386e-20)
(0.974322 -0.195185 -3.20717e-20)
(0.93472 -0.114375 -4.18232e-21)
(0.960272 -0.0568505 1.34464e-21)
(0.979891 -0.0240005 2.42421e-21)
(0.988422 -0.00994897 4.88031e-22)
(0.993184 -0.00450809 -1.04015e-22)
(0.996266 -0.00215514 1.32405e-22)
(0.997826 -0.00119346 -2.87925e-23)
(0.999111 -0.000529622 3.13188e-24)
(1.45689 -0.175473 0)
(1.16105 -0.131695 0)
(1.01076 -0.0947834 0)
(0.988894 -0.0583546 0)
(0.991173 -0.0290674 0)
(0.992538 -0.0130024 0)
(0.994585 -0.00600145 0)
(0.996771 -0.00289721 0)
(0.998052 -0.00161414 0)
(0.999187 -0.000717494 0)
(1.32568 -0.0718927 0)
(1.11453 -0.0934311 0)
(1.0026 -0.0565581 0)
(0.992161 -0.0348191 0)
(0.995883 -0.0214414 0)
(0.995795 -0.011918 0)
(0.996345 -0.00641857 0)
(0.997679 -0.00342103 0)
(0.998568 -0.00206603 0)
(0.999388 -0.000958321 0)
(1.22794 -0.0357735 0)
(1.10191 -0.0828579 0)
(1.01654 -0.0519127 0)
(1.00142 -0.0311373 0)
(1.00157 -0.0204985 0)
(0.999577 -0.0122987 0)
(0.998508 -0.00689168 0)
(0.998791 -0.00374937 0)
(0.999187 -0.00232575 0)
(0.999632 -0.00110053 0)
(1.15782 -0.00837525 0)
(1.08924 -0.0527354 0)
(1.02541 -0.0374425 0)
(1.00728 -0.0230844 0)
(1.00493 -0.0165571 0)
(1.00223 -0.0109951 0)
(1.00032 -0.0066052 0)
(0.999821 -0.00373667 0)
(0.9998 -0.00239769 0)
(0.999887 -0.00115939 0)
(1.11046 0.0102265 0)
(1.07385 -0.0323622 0)
(1.02913 -0.0292954 0)
(1.01151 -0.0187214 0)
(1.00741 -0.0136271 0)
(1.00428 -0.00957338 0)
(1.00187 -0.00604533 0)
(1.00077 -0.00351435 0)
(1.00038 -0.00230767 0)
(1.00014 -0.00113313 0)
(1.07828 0.0126365 0)
(1.06122 -0.0203292 0)
(1.03088 -0.0222786 0)
(1.01475 -0.0147795 0)
(1.00929 -0.0107467 0)
(1.0058 -0.00786216 0)
(1.00311 -0.00519397 0)
(1.00158 -0.00309788 0)
(1.0009 -0.0020744 0)
(1.00037 -0.00103166 0)
(1.05753 0.0122988 0)
(1.0513 -0.0113666 0)
(1.031 -0.0157759 0)
(1.01692 -0.0111597 0)
(1.01067 -0.00811897 0)
(1.00689 -0.00609248 0)
(1.00406 -0.0041718 0)
(1.00223 -0.0025421 0)
(1.00134 -0.00172829 0)
(1.00056 -0.000867899 0)
(1.04423 0.00988201 0)
(1.04392 -0.005974 0)
(1.03041 -0.0104498 0)
(1.0183 -0.0078386 0)
(1.01166 -0.00569089 0)
(1.00764 -0.00432526 0)
(1.00474 -0.00303988 0)
(1.00273 -0.00188365 0)
(1.00168 -0.00129529 0)
(1.00072 -0.000655043 0)
(1.03636 0.00613712 0)
(1.03915 -0.00281702 0)
(1.02975 -0.00592699 0)
(1.01911 -0.00464675 0)
(1.0123 -0.00337257 0)
(1.00812 -0.0025799 0)
(1.00518 -0.00184451 0)
(1.00306 -0.0011562 0)
(1.00191 -0.000801107 0)
(1.00082 -0.000406996 0)
(1.03272 0.00208387 0)
(1.03681 -0.000805262 0)
(1.02934 -0.00190902 0)
(1.01947 -0.00153455 0)
(1.01262 -0.00111539 0)
(1.00836 -0.00085637 0)
(1.00539 -0.00061773 0)
(1.00322 -0.000389537 0)
(1.00203 -0.000270923 0)
(1.00087 -0.000137958 0)
(1.32325 0.16117 2.82741e-21)
(1.33657 0.14477 1.0364e-20)
(1.35245 0.129375 -2.03284e-20)
(1.36196 0.111166 -6.87023e-21)
(1.37822 0.0953894 4.64732e-20)
(1.38061 0.074608 5.50815e-20)
(1.39767 0.0584781 -8.89094e-20)
(1.38441 0.0327271 -1.11935e-21)
(1.40329 0.0154447 -3.42333e-20)
(1.36284 -0.0189182 -1.39228e-19)
(1.20936 0.125414 -6.02776e-22)
(1.21731 0.116134 9.93131e-21)
(1.22615 0.107327 -8.63162e-21)
(1.23401 0.0971421 1.95804e-20)
(1.24434 0.0883348 -2.83522e-20)
(1.25388 0.077894 -2.88788e-21)
(1.26729 0.0696198 3.665e-20)
(1.28016 0.059101 -4.20748e-20)
(1.29461 0.0505932 -3.36363e-20)
(1.31076 0.0389895 4.04136e-21)
(1.13963 0.0832889 -1.96965e-21)
(1.14624 0.0782989 3.54829e-21)
(1.15289 0.0732145 -4.66801e-21)
(1.16047 0.0683384 -2.082e-20)
(1.16748 0.0632647 3.23887e-20)
(1.17579 0.05904 2.58934e-21)
(1.18142 0.0537899 -2.07226e-20)
(1.1899 0.0504912 3.74927e-20)
(1.19331 0.0442297 7.558e-21)
(1.20687 0.0423022 8.03542e-21)
(1.09515 0.0575182 -4.82779e-22)
(1.09916 0.0540645 -1.12254e-21)
(1.10271 0.050237 -1.22191e-21)
(1.10636 0.0467532 1.12248e-20)
(1.1092 0.042759 -1.33724e-20)
(1.11276 0.0400335 5.69886e-21)
(1.11531 0.0362248 -1.57721e-21)
(1.12026 0.0352471 -5.3084e-21)
(1.12375 0.031621 2.74816e-20)
(1.13214 0.0330008 -5.9588e-21)
(1.06493 0.0398612 -2.79736e-23)
(1.06751 0.0375388 1.08351e-21)
(1.06996 0.0350446 7.91619e-22)
(1.07262 0.0329713 2.63882e-21)
(1.07524 0.0307351 6.90335e-21)
(1.07842 0.0296372 -6.91289e-21)
(1.0814 0.0279132 -3.52575e-21)
(1.08519 0.0282947 9.0057e-21)
(1.08814 0.0267265 -8.48055e-21)
(1.0925 0.0286692 -7.67236e-22)
(1.04637 0.0278989 -5.51608e-22)
(1.04837 0.0264488 5.8503e-23)
(1.05031 0.0249162 -4.42771e-22)
(1.05226 0.0236448 1.85352e-21)
(1.05408 0.0222923 -7.23407e-21)
(1.05592 0.0216173 1.86368e-21)
(1.05754 0.0205568 -3.16786e-21)
(1.05926 0.0208134 -4.2348e-21)
(1.06085 0.0198946 5.4989e-22)
(1.06301 0.0213113 2.25806e-21)
(1.03389 0.0190276 -2.81158e-22)
(1.03527 0.0180362 1.79701e-21)
(1.03656 0.016991 -9.72945e-22)
(1.0378 0.0161046 -1.06209e-22)
(1.03895 0.0152059 3.21531e-21)
(1.04008 0.0147692 8.43043e-22)
(1.04122 0.0141788 3.71104e-21)
(1.04237 0.0145057 -2.06557e-21)
(1.0437 0.0141614 4.79606e-21)
(1.045 0.0153953 3.4643e-21)
(1.02587 0.012316 -8.93788e-23)
(1.02693 0.0117032 -9.79785e-23)
(1.02794 0.0110733 6.13411e-22)
(1.0289 0.0105551 -9.57175e-22)
(1.02984 0.0100602 -1.01744e-21)
(1.03073 0.0098661 2.96634e-21)
(1.03166 0.00960767 -1.88469e-21)
(1.03249 0.009924 1.45873e-21)
(1.03352 0.00983297 -4.3944e-22)
(1.03427 0.0107339 -4.61644e-22)
(1.02119 0.0069476 1.18901e-22)
(1.02208 0.00662136 -1.022e-21)
(1.02292 0.00628772 5.44903e-22)
(1.0237 0.00601264 1.87485e-21)
(1.02446 0.00575332 -1.93211e-21)
(1.02516 0.00565368 6.34251e-22)
(1.02589 0.00552573 1.09262e-21)
(1.0265 0.00570978 -2.0691e-21)
(1.02733 0.00568422 2.07341e-21)
(1.02781 0.006203 -5.10671e-22)
(1.01902 0.00222449 -3.19679e-22)
(1.01981 0.00212337 5.83261e-22)
(1.02056 0.00202028 -7.14333e-23)
(1.02125 0.00193548 1.53325e-21)
(1.02192 0.00185624 -3.68142e-22)
(1.02253 0.00182786 2.07482e-22)
(1.02318 0.00179188 -1.9933e-21)
(1.02371 0.00185711 5.61546e-22)
(1.02447 0.00185639 3.39616e-22)
(1.02485 0.00203258 2.03593e-22)
(1.10839 0.287019 -5.83323e-20)
(1.13992 0.277287 -1.0628e-20)
(1.16442 0.266694 -3.6224e-21)
(1.18432 0.255655 7.78786e-22)
(1.20508 0.243957 -1.14543e-20)
(1.22733 0.231324 -5.47354e-21)
(1.24977 0.218285 4.06109e-21)
(1.27032 0.20451 -6.43755e-21)
(1.28968 0.190707 1.58949e-20)
(1.30641 0.175811 6.83563e-22)
(1.09164 0.182994 2.49794e-21)
(1.10484 0.178471 -1.80363e-20)
(1.12192 0.173585 -1.03053e-20)
(1.13639 0.168947 5.74593e-21)
(1.14792 0.164535 -9.50675e-22)
(1.15865 0.159733 2.56297e-21)
(1.16974 0.154379 -4.41093e-21)
(1.18063 0.148092 4.06988e-21)
(1.19106 0.141311 -2.06893e-21)
(1.20033 0.133447 -2.62557e-21)
(1.06687 0.115679 -1.45521e-21)
(1.07348 0.113863 8.06859e-21)
(1.0839 0.111703 6.65928e-21)
(1.09392 0.109159 2.66445e-21)
(1.10178 0.106437 -6.75261e-22)
(1.10818 0.103524 -4.84186e-22)
(1.11428 0.100318 3.48883e-21)
(1.12059 0.0966501 -3.21324e-21)
(1.12697 0.0925781 1.51066e-21)
(1.13336 0.0880621 5.87156e-22)
(1.04773 0.0763596 7.92341e-22)
(1.05263 0.0757931 1.17263e-20)
(1.05926 0.0749685 2.98783e-21)
(1.06552 0.0737541 -4.21408e-21)
(1.0706 0.0722394 3.13973e-22)
(1.07479 0.0705182 -4.09534e-22)
(1.0787 0.0685768 -1.86808e-22)
(1.08274 0.0663498 -4.4248e-22)
(1.08689 0.0637584 1.09881e-21)
(1.09112 0.0608333 -1.3129e-21)
(1.03423 0.0525142 5.16396e-22)
(1.03751 0.0522356 -4.29715e-21)
(1.04167 0.0517146 2.45134e-21)
(1.04556 0.0509287 9.66194e-22)
(1.04882 0.0499338 -1.03224e-21)
(1.05161 0.0487813 -5.21102e-22)
(1.05425 0.0474612 5.3854e-23)
(1.05692 0.0459418 -9.06116e-22)
(1.05963 0.0441584 4.84185e-22)
(1.06234 0.0421453 4.06624e-22)
(1.02428 0.0356237 1.58468e-21)
(1.02641 0.0354619 -5.92445e-23)
(1.02912 0.0351508 -2.89586e-21)
(1.03176 0.0346901 6.61567e-22)
(1.0341 0.0341108 -4.23916e-24)
(1.0362 0.0334319 -7.66484e-23)
(1.03821 0.0326373 1.99483e-22)
(1.04024 0.0317033 3.24649e-22)
(1.04229 0.0305925 2.4679e-22)
(1.04435 0.0293285 -3.36269e-22)
(1.01756 0.0235319 2.14389e-21)
(1.01912 0.0235161 7.85911e-22)
(1.02102 0.0234147 1.42969e-21)
(1.02292 0.0232175 3.69507e-22)
(1.02467 0.0229336 1.34552e-22)
(1.0263 0.0225674 -5.35331e-23)
(1.02786 0.022105 5.18277e-23)
(1.02941 0.0215292 -2.34887e-22)
(1.03094 0.0208178 5.16232e-22)
(1.03245 0.0199844 -4.11211e-22)
(1.01333 0.0148756 -1.91934e-22)
(1.01455 0.0149215 -1.66878e-22)
(1.01594 0.0149111 7.1572e-22)
(1.01734 0.0148356 2.17199e-22)
(1.01868 0.0146974 -2.85559e-22)
(1.01995 0.0144969 1.37703e-22)
(1.02119 0.0142256 -1.26119e-22)
(1.0224 0.0138744 -4.99841e-23)
(1.0236 0.0134328 -8.81137e-23)
(1.02476 0.0129114 3.44924e-24)
(1.01083 0.00822577 -8.96197e-23)
(1.01185 0.0082685 4.74389e-23)
(1.01295 0.00827952 -1.45456e-22)
(1.01406 0.00825432 -7.78048e-24)
(1.01515 0.00819334 5.05347e-23)
(1.01621 0.00809608 -2.52161e-22)
(1.01725 0.00795799 2.08509e-22)
(1.01828 0.00777455 3.34923e-22)
(1.01929 0.00754118 -3.67443e-22)
(1.02026 0.00726407 1.03969e-22)
(1.00966 0.00262834 8.43516e-23)
(1.0106 0.00264272 3.21311e-23)
(1.01158 0.00264613 1.13223e-23)
(1.01256 0.00263758 8.77285e-23)
(1.01354 0.00261744 -1.21724e-22)
(1.01451 0.00258572 -2.37157e-22)
(1.01546 0.00254125 2.58266e-22)
(1.0164 0.00248287 -1.06215e-22)
(1.01731 0.0024094 3.54774e-22)
(1.01818 0.00232281 -2.3141e-22)
(1.00018 0.00855367 0)
(0.999435 0.0305988 0)
(0.999538 0.0476143 0)
(0.99847 0.0748295 0)
(1.00019 0.0921431 0)
(1.00104 0.128688 0)
(1.00827 0.146007 0)
(1.0168 0.199477 0)
(1.03957 0.213125 0)
(1.07133 0.291719 0)
(0.999916 0.0082391 0)
(1.00154 0.0271401 0)
(1.00382 0.0434083 0)
(1.00883 0.0642276 0)
(1.014 0.0804912 0)
(1.0238 0.104317 0)
(1.03289 0.120013 0)
(1.04957 0.147103 0)
(1.06159 0.159083 0)
(1.08418 0.184793 0)
(0.999877 0.00660468 0)
(1.00189 0.0210845 0)
(1.00436 0.0338362 0)
(1.00986 0.0485887 0)
(1.01453 0.0600882 0)
(1.02334 0.0750615 0)
(1.02935 0.0840802 0)
(1.04164 0.0992687 0)
(1.04773 0.103307 0)
(1.06397 0.117843 0)
(0.99992 0.00473746 0)
(1.00133 0.0148091 0)
(1.00301 0.0238606 0)
(1.00671 0.0336167 0)
(1.0098 0.0414066 0)
(1.01563 0.0506397 0)
(1.01956 0.056534 0)
(1.0279 0.0656317 0)
(1.03244 0.0684687 0)
(1.04439 0.0771009 0)
(0.999957 0.00324884 0)
(1.0008 0.0100518 0)
(1.00187 0.0163117 0)
(1.00422 0.0228628 0)
(1.00641 0.0283562 0)
(1.01043 0.0345191 0)
(1.0136 0.0389216 0)
(1.01956 0.0449562 0)
(1.0234 0.0473888 0)
(1.03154 0.0527219 0)
(0.999982 0.00222304 0)
(1.00054 0.00684141 0)
(1.00135 0.0111827 0)
(1.003 0.0156631 0)
(1.00474 0.0195563 0)
(1.00761 0.0237407 0)
(1.01013 0.0268996 0)
(1.01423 0.0308359 0)
(1.01716 0.0325349 0)
(1.02237 0.0357294 0)
(0.999996 0.00149977 0)
(1.0004 0.00459268 0)
(1.00105 0.00753536 0)
(1.00223 0.0105183 0)
(1.00357 0.0131545 0)
(1.00557 0.0158742 0)
(1.00747 0.017998 0)
(1.01025 0.0204594 0)
(1.01248 0.0215994 0)
(1.01594 0.0234947 0)
(1 0.000955314 0)
(1.0003 0.00291352 0)
(1.00081 0.00478771 0)
(1.00166 0.0066598 0)
(1.0027 0.00833334 0)
(1.00414 0.010016 0)
(1.00563 0.0113773 0)
(1.00762 0.0128809 0)
(1.00944 0.0136476 0)
(1.01188 0.0147688 0)
(1.00001 0.000527811 0)
(1.00023 0.00160605 0)
(1.00065 0.00264312 0)
(1.00132 0.00367183 0)
(1.00218 0.00460101 0)
(1.0033 0.00552294 0)
(1.00456 0.00628846 0)
(1.00609 0.00710655 0)
(1.00766 0.00754998 0)
(1.00951 0.00813965 0)
(1.00001 0.000168597 0)
(1.0002 0.000512665 0)
(1.00058 0.000844585 0)
(1.00117 0.00117322 0)
(1.00194 0.00147146 0)
(1.00292 0.00176571 0)
(1.00406 0.00201223 0)
(1.00538 0.00227159 0)
(1.00682 0.00241472 0)
(1.0084 0.00259804 0)
(0.999862 0.000653212 8.27345e-21)
(0.99622 0.00203582 -3.59927e-21)
(0.989224 0.0033884 9.21547e-21)
(0.978487 0.00503703 -6.04558e-21)
(0.964069 0.00673784 -6.57299e-21)
(0.945086 0.0090857 2.54917e-20)
(0.921248 0.011397 -4.90325e-21)
(0.891157 0.0150445 3.51452e-20)
(0.853794 0.0181225 2.06189e-20)
(0.807585 0.0244006 -2.08061e-20)
(0.999848 0.0019424 9.98687e-21)
(0.996184 0.00606104 1.89933e-20)
(0.989262 0.0100868 2.86948e-20)
(0.978667 0.0149973 -3.97242e-20)
(0.964529 0.0200544 5.27201e-21)
(0.945842 0.0270458 1.56136e-20)
(0.922511 0.0339233 -2.67247e-20)
(0.892887 0.0447963 4.55272e-20)
(0.856384 0.0539887 -1.21801e-19)
(0.810969 0.0727074 1.70333e-19)
(0.999825 0.00318228 -3.51548e-20)
(0.996123 0.00995323 1.32498e-20)
(0.989354 0.0165603 -6.09653e-22)
(0.979037 0.0246326 -6.63498e-20)
(0.965454 0.0329171 1.6626e-20)
(0.947353 0.0444062 -3.85396e-20)
(0.925027 0.05569 5.15701e-20)
(0.89634 0.073603 -1.35719e-19)
(0.861545 0.0887992 2.3127e-19)
(0.817786 0.119687 -1.81954e-19)
(0.9998 0.00434433 2.25393e-20)
(0.99606 0.0136351 -7.35749e-21)
(0.989524 0.0226784 4.61305e-20)
(0.979617 0.0337555 -8.42549e-20)
(0.966854 0.0450648 5.30193e-20)
(0.949616 0.060826 -1.0629e-19)
(0.928787 0.0762618 -1.68347e-20)
(0.901519 0.100935 3.35763e-19)
(0.8693 0.121943 -9.41882e-20)
(0.828127 0.164641 -2.33058e-19)
(0.999783 0.00540646 -9.17755e-20)
(0.996019 0.0170463 6.97198e-20)
(0.989805 0.0283366 -3.41836e-20)
(0.980428 0.0422131 -1.4888e-19)
(0.968734 0.0562804 1.42338e-19)
(0.952625 0.0760166 -1.84855e-19)
(0.933775 0.0952658 2.40114e-19)
(0.908415 0.126329 6.76718e-20)
(0.87969 0.152838 1.66021e-19)
(0.842103 0.206855 1.72435e-20)
(0.999782 0.00635525 7.23876e-20)
(0.996025 0.0201512 -1.69576e-20)
(0.990218 0.0334685 9.64879e-20)
(0.981481 0.0498982 -1.07631e-19)
(0.971085 0.0663971 1.03396e-19)
(0.956353 0.0897281 -2.90433e-20)
(0.939955 0.112356 6.02653e-20)
(0.916989 0.149366 -1.86142e-19)
(0.892735 0.180863 -3.18198e-19)
(0.859769 0.245748 1.93018e-19)
(0.999805 0.00718464 -3.51502e-20)
(0.996096 0.0229455 -2.86435e-20)
(0.99077 0.0380675 1.39011e-20)
(0.982764 0.056787 -9.51875e-20)
(0.973855 0.0753507 3.34403e-19)
(0.960731 0.101787 -2.73447e-19)
(0.947253 0.127221 1.3785e-19)
(0.927167 0.169477 -2.33226e-19)
(0.908456 0.205497 -6.49123e-20)
(0.881149 0.279975 4.95389e-19)
(0.999858 0.0078875 4.21952e-20)
(0.996258 0.02544 -4.77458e-21)
(0.991465 0.0422025 -4.22074e-20)
(0.984259 0.063014 5.15734e-20)
(0.976943 0.0833213 1.46332e-19)
(0.965629 0.112349 -3.20144e-19)
(0.955441 0.139856 2.58061e-19)
(0.938888 0.186137 -5.79931e-19)
(0.926706 0.225453 4.74939e-19)
(0.90651 0.309798 -1.25335e-19)
(0.999946 0.00844754 -4.63758e-20)
(0.996568 0.0275912 5.34232e-20)
(0.992375 0.045915 -9.56558e-20)
(0.986022 0.0687638 -5.76401e-20)
(0.980314 0.0906872 1.31515e-21)
(0.970952 0.121934 8.23071e-20)
(0.964096 0.151018 -4.17858e-19)
(0.951806 0.199518 4.63729e-19)
(0.947512 0.23901 -4.09374e-19)
(0.935176 0.330149 1.82214e-19)
(1.00006 0.00882827 -2.70365e-20)
(0.997112 0.0291322 2.38034e-21)
(0.993675 0.0485195 -9.11327e-21)
(0.988288 0.0730827 -6.80908e-20)
(0.984181 0.0960368 -5.16801e-20)
(0.976903 0.128814 3.0362e-19)
(0.973167 0.158865 2.44906e-19)
(0.965506 0.207086 -1.10572e-19)
(0.969125 0.246975 -2.41475e-20)
(0.976763 0.315452 -5.33718e-19)
(1.00006 -0.0088281 -2.70075e-20)
(0.997112 -0.0291316 1.76821e-20)
(0.993675 -0.0485184 -7.29997e-21)
(0.988288 -0.0730812 1.12219e-19)
(0.98418 -0.0960346 6.31818e-20)
(0.976903 -0.128811 -2.5616e-19)
(0.973166 -0.158861 -2.12984e-19)
(0.965504 -0.207082 1.43339e-19)
(0.969122 -0.246971 1.48628e-20)
(0.976758 -0.315447 5.47661e-19)
(0.999946 -0.00844734 2.01364e-20)
(0.996568 -0.0275906 -1.11928e-19)
(0.992375 -0.0459139 6.67568e-20)
(0.986022 -0.0687622 -3.90133e-20)
(0.980314 -0.090685 -6.16505e-20)
(0.970951 -0.121931 -3.3559e-20)
(0.964095 -0.151015 3.51872e-19)
(0.951804 -0.199513 -3.92327e-19)
(0.947509 -0.239005 4.60998e-19)
(0.935172 -0.330142 -2.54946e-19)
(0.999858 -0.00788728 -1.18271e-20)
(0.996258 -0.0254394 4.37566e-20)
(0.991465 -0.0422014 7.33176e-20)
(0.984258 -0.0630123 -1.45261e-20)
(0.976943 -0.083319 -2.00281e-19)
(0.965628 -0.112346 2.41384e-19)
(0.955439 -0.139851 -2.37117e-19)
(0.938887 -0.186133 5.37723e-19)
(0.926703 -0.225447 -5.29332e-19)
(0.906507 -0.309791 1.68567e-19)
(0.999805 -0.00718439 -3.14305e-21)
(0.996096 -0.0229448 5.81994e-20)
(0.99077 -0.0380663 -5.34201e-20)
(0.982764 -0.0567853 2.04725e-19)
(0.973854 -0.0753483 -2.56188e-20)
(0.960731 -0.101783 -2.84968e-20)
(0.947252 -0.127217 -1.43016e-19)
(0.927166 -0.169472 1.04254e-19)
(0.908454 -0.20549 5.31051e-20)
(0.881146 -0.279967 -5.15337e-19)
(0.999782 -0.00635498 6.38705e-20)
(0.996025 -0.0201505 -1.94432e-20)
(0.990218 -0.0334673 5.433e-20)
(0.981481 -0.0498963 9.02411e-20)
(0.971085 -0.0663946 -1.26871e-19)
(0.956353 -0.0897247 -1.98054e-20)
(0.939954 -0.112352 1.75373e-20)
(0.916987 -0.14936 1.49706e-19)
(0.892733 -0.180856 2.73756e-19)
(0.859767 -0.24574 -1.60197e-19)
(0.999783 -0.00540616 -4.62842e-20)
(0.996019 -0.0170456 -2.39587e-21)
(0.989804 -0.0283353 -1.17945e-19)
(0.980428 -0.0422112 1.84591e-19)
(0.968734 -0.0562778 -1.60398e-19)
(0.952625 -0.0760132 3.11535e-19)
(0.933774 -0.0952613 -3.64047e-19)
(0.908414 -0.126324 1.70794e-19)
(0.879688 -0.152831 -2.23231e-20)
(0.842101 -0.206847 2.17207e-20)
(0.9998 -0.004344 4.57383e-20)
(0.99606 -0.0136344 -2.96806e-20)
(0.989524 -0.0226771 3.17436e-20)
(0.979617 -0.0337536 -4.27983e-20)
(0.966853 -0.0450621 1.06676e-20)
(0.949616 -0.0608225 7.89791e-20)
(0.928786 -0.0762573 7.43494e-20)
(0.901518 -0.10093 -4.66442e-19)
(0.869299 -0.121937 4.60628e-21)
(0.828126 -0.164633 2.2592e-19)
(0.999825 -0.00318194 -1.96378e-20)
(0.996123 -0.00995242 3.34561e-21)
(0.989354 -0.016559 -4.32534e-20)
(0.979037 -0.0246306 4.99984e-20)
(0.965454 -0.0329144 -1.95645e-20)
(0.947352 -0.0444026 2.10449e-20)
(0.925026 -0.0556854 -2.3539e-20)
(0.89634 -0.0735973 1.22993e-19)
(0.861544 -0.0887921 -2.46341e-19)
(0.817785 -0.119679 1.53428e-19)
(0.999848 -0.00194203 1.39681e-20)
(0.996184 -0.00606022 -6.57826e-21)
(0.989262 -0.0100854 -5.27517e-21)
(0.978667 -0.0149954 5.97309e-20)
(0.964529 -0.0200517 -1.01923e-20)
(0.945842 -0.0270423 -7.37652e-21)
(0.922511 -0.0339187 -1.35969e-20)
(0.892887 -0.0447905 -2.71022e-20)
(0.856384 -0.0539816 1.29146e-19)
(0.810968 -0.0726989 -1.82408e-19)
(0.999862 -0.000652846 7.93624e-21)
(0.99622 -0.00203497 -1.80912e-21)
(0.989224 -0.00338703 -9.53072e-21)
(0.978487 -0.00503506 1.40622e-20)
(0.964069 -0.0067351 1.06903e-20)
(0.945086 -0.00908211 -3.87932e-21)
(0.921248 -0.0113924 2.44829e-20)
(0.891157 -0.0150387 -4.51033e-20)
(0.853794 -0.0181153 1.29901e-21)
(0.807585 -0.024392 3.15865e-20)
(1.00001 -0.000168593 0)
(1.0002 -0.000512648 0)
(1.00058 -0.000844558 0)
(1.00117 -0.00117319 0)
(1.00194 -0.00147143 0)
(1.00292 -0.00176565 0)
(1.00406 -0.00201214 0)
(1.00538 -0.00227152 0)
(1.00682 -0.0024147 0)
(1.0084 -0.00259809 0)
(1.00001 -0.000527803 0)
(1.00023 -0.00160599 0)
(1.00065 -0.00264302 0)
(1.00132 -0.00367173 0)
(1.00218 -0.00460094 0)
(1.0033 -0.00552289 0)
(1.00456 -0.00628847 0)
(1.00609 -0.00710661 0)
(1.00766 -0.00755009 0)
(1.00951 -0.00813982 0)
(1 -0.0009553 0)
(1.0003 -0.00291343 0)
(1.00081 -0.00478756 0)
(1.00166 -0.00665967 0)
(1.0027 -0.00833325 0)
(1.00414 -0.0100159 0)
(1.00563 -0.0113773 0)
(1.00762 -0.012881 0)
(1.00944 -0.0136478 0)
(1.01188 -0.0147689 0)
(0.999996 -0.00149974 0)
(1.0004 -0.00459258 0)
(1.00105 -0.00753521 0)
(1.00223 -0.0105182 0)
(1.00357 -0.0131545 0)
(1.00557 -0.0158741 0)
(1.00747 -0.0179979 0)
(1.01025 -0.0204595 0)
(1.01248 -0.0215995 0)
(1.01594 -0.0234949 0)
(0.999982 -0.00222299 0)
(1.00054 -0.0068413 0)
(1.00135 -0.0111826 0)
(1.003 -0.015663 0)
(1.00474 -0.0195561 0)
(1.00761 -0.0237406 0)
(1.01013 -0.0268996 0)
(1.01423 -0.030836 0)
(1.01716 -0.0325351 0)
(1.02237 -0.0357297 0)
(0.999957 -0.00324878 0)
(1.0008 -0.0100517 0)
(1.00187 -0.0163116 0)
(1.00422 -0.0228627 0)
(1.00641 -0.028356 0)
(1.01043 -0.034519 0)
(1.0136 -0.0389215 0)
(1.01956 -0.0449561 0)
(1.0234 -0.0473887 0)
(1.03154 -0.052722 0)
(0.99992 -0.00473738 0)
(1.00133 -0.014809 0)
(1.00301 -0.0238605 0)
(1.00671 -0.0336165 0)
(1.0098 -0.0414064 0)
(1.01563 -0.0506395 0)
(1.01956 -0.0565339 0)
(1.0279 -0.0656315 0)
(1.03244 -0.0684686 0)
(1.04439 -0.0771009 0)
(0.999877 -0.00660459 0)
(1.00189 -0.0210844 0)
(1.00436 -0.033836 0)
(1.00986 -0.0485882 0)
(1.01453 -0.0600877 0)
(1.02334 -0.0750608 0)
(1.02934 -0.0840796 0)
(1.04164 -0.099268 0)
(1.04773 -0.103306 0)
(1.06397 -0.117843 0)
(0.999916 -0.00823899 0)
(1.00154 -0.0271397 0)
(1.00382 -0.0434077 0)
(1.00883 -0.0642268 0)
(1.014 -0.0804901 0)
(1.0238 -0.104316 0)
(1.03289 -0.120011 0)
(1.04957 -0.147101 0)
(1.06159 -0.159081 0)
(1.08417 -0.184791 0)
(1.00018 -0.00855352 0)
(0.999435 -0.0305983 0)
(0.999538 -0.0476134 0)
(0.99847 -0.0748281 0)
(1.00019 -0.0921412 0)
(1.00104 -0.128685 0)
(1.00827 -0.146003 0)
(1.01679 -0.199473 0)
(1.03956 -0.21312 0)
(1.07132 -0.291713 0)
(1.00966 -0.00262844 6.6362e-23)
(1.0106 -0.00264284 7.76124e-23)
(1.01158 -0.00264626 7.30813e-23)
(1.01256 -0.00263774 -3.07698e-23)
(1.01354 -0.00261765 5.10326e-23)
(1.01451 -0.00258599 2.06512e-22)
(1.01546 -0.0025416 -2.50627e-22)
(1.0164 -0.0024833 6.30681e-23)
(1.01731 -0.00240992 -3.53412e-22)
(1.01818 -0.00232339 2.24581e-22)
(1.01083 -0.00822594 -1.70355e-22)
(1.01185 -0.00826866 5.63174e-22)
(1.01295 -0.00827969 -4.79904e-22)
(1.01406 -0.00825452 -6.41628e-23)
(1.01515 -0.00819359 -4.37354e-23)
(1.01621 -0.00809639 2.26507e-22)
(1.01725 -0.00795838 -3.05198e-22)
(1.01828 -0.00777503 -2.81881e-22)
(1.01929 -0.00754175 5.13899e-22)
(1.02026 -0.00726475 -7.99163e-23)
(1.01333 -0.0148757 -2.26609e-22)
(1.01455 -0.0149216 -7.74582e-23)
(1.01594 -0.0149112 3.97607e-22)
(1.01734 -0.0148358 3.49392e-22)
(1.01868 -0.0146977 -1.08857e-22)
(1.01995 -0.0144973 -8.60584e-23)
(1.02119 -0.0142262 1.29515e-22)
(1.0224 -0.0138751 -1.929e-22)
(1.0236 -0.0134336 -8.58303e-23)
(1.02476 -0.0129125 6.58952e-23)
(1.01756 -0.0235322 1.88825e-21)
(1.01912 -0.0235164 2.09006e-21)
(1.02102 -0.0234151 -5.81063e-22)
(1.02292 -0.0232179 1.03877e-21)
(1.02467 -0.0229342 2.3833e-22)
(1.0263 -0.0225682 1.01424e-22)
(1.02786 -0.0221059 -8.90088e-24)
(1.02941 -0.0215304 5.652e-22)
(1.03094 -0.0208192 -7.6541e-22)
(1.03245 -0.0199861 1.58497e-22)
(1.02428 -0.0356241 1.50471e-21)
(1.02641 -0.0354624 3.72843e-22)
(1.02912 -0.0351514 -1.70786e-21)
(1.03176 -0.0346908 -9.02014e-22)
(1.0341 -0.0341117 2.18994e-22)
(1.0362 -0.0334329 -2.01251e-23)
(1.03821 -0.0326384 5.73143e-23)
(1.04024 -0.0317046 -6.63816e-23)
(1.04229 -0.0305939 -1.49097e-22)
(1.04435 -0.0293302 3.50068e-22)
(1.03423 -0.0525144 -6.64131e-23)
(1.03751 -0.0522359 -4.29543e-21)
(1.04167 -0.0517151 3.49393e-21)
(1.04556 -0.0509294 -7.62279e-22)
(1.04882 -0.0499347 -4.74376e-22)
(1.05161 -0.0487823 4.93833e-22)
(1.05425 -0.0474624 9.77498e-24)
(1.05692 -0.0459433 -3.12572e-23)
(1.05963 -0.0441602 -3.54934e-22)
(1.06234 -0.0421473 6.5238e-23)
(1.04773 -0.0763598 -3.98706e-21)
(1.05262 -0.0757933 1.55216e-20)
(1.05926 -0.0749689 -1.7309e-21)
(1.06552 -0.0737547 4.86923e-22)
(1.07059 -0.0722402 8.41896e-22)
(1.07479 -0.0705191 7.49649e-22)
(1.0787 -0.068578 -1.5233e-21)
(1.08273 -0.0663512 -1.02111e-21)
(1.08689 -0.0637599 3.81047e-22)
(1.09111 -0.060835 2.2473e-22)
(1.06687 -0.115679 4.88809e-21)
(1.07348 -0.113863 1.64943e-21)
(1.0839 -0.111703 1.21385e-20)
(1.09392 -0.109159 -4.3245e-21)
(1.10178 -0.106437 1.08237e-21)
(1.10818 -0.103525 -1.98842e-21)
(1.11428 -0.100319 3.82488e-21)
(1.12058 -0.0966515 5.5533e-22)
(1.12696 -0.0925797 -1.77722e-21)
(1.13336 -0.088064 1.56457e-21)
(1.09164 -0.182992 1.66376e-21)
(1.10483 -0.178469 -1.61863e-20)
(1.12191 -0.173583 -1.3598e-20)
(1.13639 -0.168946 5.58497e-21)
(1.14792 -0.164535 8.59083e-22)
(1.15865 -0.159733 3.09032e-21)
(1.16973 -0.15438 -5.38849e-21)
(1.18062 -0.148093 6.58843e-21)
(1.19106 -0.141313 -6.61081e-21)
(1.20033 -0.13345 3.09939e-22)
(1.10839 -0.287014 4.5893e-20)
(1.13991 -0.277282 1.20158e-20)
(1.16441 -0.266689 4.48117e-21)
(1.18431 -0.255651 -8.28857e-21)
(1.20507 -0.243954 1.09656e-20)
(1.22733 -0.231321 2.0355e-21)
(1.24977 -0.218282 -1.37348e-22)
(1.27031 -0.204508 4.80015e-22)
(1.28968 -0.190706 6.76263e-21)
(1.3064 -0.175811 2.43523e-22)
(1.01902 -0.00222511 3.27337e-22)
(1.01981 -0.00212398 -5.84538e-22)
(1.02056 -0.00202084 1.84388e-22)
(1.02125 -0.00193597 -1.5627e-21)
(1.02192 -0.0018566 6.68014e-22)
(1.02253 -0.0018281 1.6109e-21)
(1.02319 -0.00179199 -3.19219e-22)
(1.02371 -0.0018571 -7.11431e-23)
(1.02447 -0.00185634 1.17962e-22)
(1.02485 -0.0020324 2.72166e-22)
(1.02119 -0.00694836 -1.4773e-22)
(1.02208 -0.00662216 7.56183e-22)
(1.02292 -0.00628857 -6.85089e-22)
(1.0237 -0.00601354 -1.37167e-21)
(1.02446 -0.00575425 2.50106e-21)
(1.02516 -0.00565462 -1.06872e-22)
(1.02589 -0.0055267 1.05524e-21)
(1.0265 -0.00571076 -8.22208e-22)
(1.02733 -0.00568527 -1.24086e-22)
(1.02781 -0.00620403 -2.51376e-22)
(1.02587 -0.0123171 3.86293e-24)
(1.02693 -0.0117044 -4.13571e-23)
(1.02794 -0.0110746 1.49132e-22)
(1.02891 -0.0105564 1.04978e-21)
(1.02984 -0.0100615 2.9043e-22)
(1.03073 -0.00986745 -1.13316e-21)
(1.03166 -0.00960903 -2.02218e-21)
(1.03249 -0.00992541 2.88451e-21)
(1.03352 -0.00983442 -7.22268e-22)
(1.03427 -0.0107354 -3.7288e-22)
(1.03389 -0.0190295 5.9391e-22)
(1.03527 -0.0180381 -8.474e-22)
(1.03657 -0.0169929 1.20626e-21)
(1.0378 -0.0161066 -9.82823e-23)
(1.03895 -0.0152079 -1.75523e-22)
(1.04009 -0.0147711 2.18708e-21)
(1.04122 -0.0141806 1.94185e-21)
(1.04237 -0.0145075 4.17124e-21)
(1.0437 -0.0141632 1.42461e-21)
(1.045 -0.0153972 3.99285e-21)
(1.04637 -0.0279007 5.33456e-22)
(1.04837 -0.0264506 -2.54138e-22)
(1.05031 -0.0249181 -1.74908e-21)
(1.05226 -0.0236469 -4.00011e-21)
(1.05408 -0.0222945 1.32331e-21)
(1.05592 -0.0216196 -4.67679e-22)
(1.05754 -0.0205593 1.87411e-21)
(1.05926 -0.0208161 -8.30615e-21)
(1.06085 -0.0198975 -4.45716e-22)
(1.06301 -0.0213144 2.40391e-21)
(1.06493 -0.0398634 -5.51572e-22)
(1.06751 -0.037541 -1.34204e-21)
(1.06996 -0.0350469 2.25366e-21)
(1.07262 -0.0329738 -2.67617e-21)
(1.07524 -0.0307378 5.55992e-21)
(1.07842 -0.02964 -4.64812e-21)
(1.0814 -0.0279161 4.13164e-21)
(1.08519 -0.0282978 6.21382e-21)
(1.08814 -0.0267297 -8.26903e-21)
(1.0925 -0.0286727 2.43528e-22)
(1.09515 -0.0575202 1.79727e-21)
(1.09916 -0.0540665 -1.51334e-21)
(1.10271 -0.0502393 -2.12138e-21)
(1.10636 -0.046756 -1.56451e-21)
(1.1092 -0.0427621 -2.73071e-21)
(1.11276 -0.0400372 3.97773e-21)
(1.11531 -0.0362288 -1.33743e-20)
(1.12026 -0.0352517 8.50019e-21)
(1.12375 -0.0316258 2.16212e-20)
(1.13214 -0.033006 1.03675e-21)
(1.13963 -0.0832911 -5.62718e-22)
(1.14623 -0.078301 -2.87233e-21)
(1.15289 -0.0732168 5.68305e-21)
(1.16047 -0.0683412 -1.09629e-20)
(1.16747 -0.0632678 -1.94622e-21)
(1.17578 -0.0590436 8.227e-21)
(1.18142 -0.0537939 9.00907e-21)
(1.18989 -0.0504958 2.01945e-20)
(1.19331 -0.0442347 1.87408e-20)
(1.20687 -0.0423079 -1.73835e-21)
(1.20936 -0.125417 3.27051e-21)
(1.2173 -0.116138 3.14682e-21)
(1.22615 -0.10733 -3.21864e-21)
(1.23401 -0.0971468 1.67603e-20)
(1.24434 -0.0883399 -1.73258e-20)
(1.25387 -0.0778998 -3.77171e-20)
(1.26728 -0.069626 5.19596e-20)
(1.28015 -0.0591077 -2.98804e-20)
(1.29461 -0.0506004 -3.80482e-20)
(1.31075 -0.0389973 5.56204e-21)
(1.32325 -0.161171 -3.88031e-21)
(1.33656 -0.144772 -1.08556e-21)
(1.35244 -0.129378 3.25338e-20)
(1.36195 -0.111171 -5.48311e-21)
(1.37821 -0.0953952 -2.49878e-20)
(1.3806 -0.0746155 -2.73308e-20)
(1.39766 -0.0584866 2.14839e-20)
(1.3844 -0.0327374 4.68873e-21)
(1.40328 -0.0154558 3.78821e-20)
(1.36283 0.0189059 1.16866e-19)
(1.03273 -0.00208566 0)
(1.03681 0.000804363 0)
(1.02934 0.00190934 0)
(1.01947 0.00153497 0)
(1.01262 0.00111568 0)
(1.00836 0.000856537 0)
(1.00539 0.00061781 0)
(1.00322 0.000389634 0)
(1.00203 0.00027103 0)
(1.00088 0.00013798 0)
(1.03637 -0.00614009 0)
(1.03915 0.00281577 0)
(1.02975 0.00592759 0)
(1.01911 0.00464743 0)
(1.01231 0.00337306 0)
(1.00813 0.0025802 0)
(1.00518 0.00184476 0)
(1.00306 0.0011565 0)
(1.00191 0.00080129 0)
(1.00082 0.000407029 0)
(1.04423 -0.00988527 0)
(1.04392 0.00597332 0)
(1.03041 0.0104507 0)
(1.0183 0.00783917 0)
(1.01166 0.00569132 0)
(1.00765 0.00432567 0)
(1.00474 0.00304034 0)
(1.00273 0.00188409 0)
(1.00168 0.00129554 0)
(1.00072 0.000655117 0)
(1.05754 -0.0123031 0)
(1.05131 0.0113662 0)
(1.031 0.0157774 0)
(1.01692 0.0111607 0)
(1.01067 0.00811965 0)
(1.00689 0.00609317 0)
(1.00406 0.00417246 0)
(1.00224 0.00254272 0)
(1.00134 0.00172871 0)
(1.00056 0.000868014 0)
(1.07829 -0.0126418 0)
(1.06123 0.0203274 0)
(1.03088 0.0222799 0)
(1.01476 0.0147806 0)
(1.0093 0.0107477 0)
(1.0058 0.00786325 0)
(1.00311 0.00519488 0)
(1.00158 0.00309875 0)
(1.00091 0.0020749 0)
(1.00037 0.00103174 0)
(1.11046 -0.0102327 0)
(1.07386 0.0323583 0)
(1.02914 0.0292953 0)
(1.01151 0.0187225 0)
(1.00742 0.0136286 0)
(1.00429 0.00957495 0)
(1.00187 0.00604654 0)
(1.00077 0.0035155 0)
(1.00039 0.00230825 0)
(1.00014 0.00113317 0)
(1.15782 0.00836829 0)
(1.08925 0.0527317 0)
(1.02542 0.0374425 0)
(1.00728 0.023086 0)
(1.00494 0.0165592 0)
(1.00224 0.0109971 0)
(1.00032 0.00660657 0)
(0.999823 0.00373818 0)
(0.999801 0.00239847 0)
(0.999888 0.00115938 0)
(1.22794 0.0357636 0)
(1.10192 0.0828535 0)
(1.01655 0.0519133 0)
(1.00142 0.0311397 0)
(1.00158 0.0205016 0)
(0.99958 0.0123012 0)
(0.99851 0.00689319 0)
(0.998793 0.00375116 0)
(0.999187 0.00232666 0)
(0.999633 0.00110045 0)
(1.32568 0.0718787 0)
(1.11455 0.093425 0)
(1.00261 0.0565599 0)
(0.992168 0.0348226 0)
(0.995887 0.0214451 0)
(0.995797 0.0119208 0)
(0.996347 0.00642061 0)
(0.997681 0.00342351 0)
(0.998568 0.0020668 0)
(0.999389 0.000957966 0)
(1.45688 0.175445 0)
(1.16107 0.131684 0)
(1.01078 0.0947849 0)
(0.988905 0.0583605 0)
(0.991178 0.0290739 0)
(0.992541 0.0130061 0)
(0.994586 0.00600377 0)
(0.996772 0.0029011 0)
(0.998051 0.00161544 0)
(0.999188 0.000717068 0)
(1.19743 0.312209 7.67103e-20)
(0.97434 0.19517 -6.09275e-21)
(0.934739 0.114379 4.24012e-21)
(0.960281 0.0568583 -2.7445e-23)
(0.979896 0.0240079 -2.07548e-21)
(0.988424 0.00995279 5.66552e-23)
(0.993184 0.00451034 2.04841e-22)
(0.996266 0.00215869 4.32208e-23)
(0.997826 0.00119447 -1.03527e-23)
(0.999112 0.000529034 1.9842e-23)
(1.10389 0.309983 -4.6795e-21)
(0.914526 0.181616 -2.14924e-21)
(0.912393 0.108343 -1.58319e-21)
(0.951941 0.0537548 1.46063e-21)
(0.976715 0.022429 1.13818e-22)
(0.987303 0.00919947 -5.40085e-22)
(0.99281 0.00413731 -7.27553e-23)
(0.996132 0.00196904 -3.9147e-22)
(0.997767 0.00108399 -3.71711e-23)
(0.99909 0.000478283 -1.95721e-23)
(0.990363 0.287542 5.87712e-20)
(0.847929 0.167425 2.61384e-21)
(0.88897 0.100213 -8.85961e-22)
(0.943486 0.04955 -3.19276e-21)
(0.973632 0.0205648 1.04563e-21)
(0.986254 0.00837888 3.06287e-22)
(0.992468 0.00373586 4.56424e-22)
(0.996011 0.0017658 3.37316e-22)
(0.997714 0.00096755 5.43814e-23)
(0.999071 0.000425674 1.77386e-23)
(0.860316 0.26785 -1.10342e-19)
(0.774903 0.159963 1.01522e-20)
(0.864144 0.0930336 5.52363e-21)
(0.934962 0.0449492 -1.48294e-22)
(0.970721 0.0184226 2.85483e-22)
(0.985316 0.00744539 -9.70622e-22)
(0.992172 0.00329256 6.78098e-23)
(0.995909 0.00154681 -2.53308e-23)
(0.997668 0.000844822 -2.60035e-24)
(0.999054 0.000371134 9.22657e-24)
(0.714278 0.245011 8.2356e-20)
(0.697655 0.149955 -1.88939e-20)
(0.838795 0.0843477 1.09522e-21)
(0.926675 0.0397102 -2.78306e-21)
(0.968065 0.0160536 -6.90353e-22)
(0.984506 0.00643345 8.20791e-22)
(0.991928 0.00282394 2.01886e-22)
(0.995825 0.00131986 1.76876e-22)
(0.997631 0.000719042 6.44046e-23)
(0.99904 0.000315535 1.77399e-23)
(0.553341 0.213184 -7.90494e-21)
(0.621386 0.13368 4.71828e-21)
(0.814795 0.0730254 -3.41233e-22)
(0.919137 0.0336707 3.25032e-21)
(0.965764 0.0134629 -2.64697e-21)
(0.983838 0.00535671 -1.06913e-22)
(0.991733 0.0023365 -3.68364e-22)
(0.99576 0.00108748 -5.3616e-23)
(0.997602 0.000591182 -1.4198e-22)
(0.999028 0.000259154 -2.54613e-23)
(0.385553 0.172966 -2.74935e-20)
(0.553701 0.111488 9.82141e-21)
(0.794309 0.0592959 -4.39247e-21)
(0.912869 0.0269106 9.33071e-22)
(0.963908 0.0106731 1.03527e-21)
(0.983315 0.00422349 -2.34687e-22)
(0.991585 0.00183317 8.27974e-23)
(0.995711 0.000850551 -3.9223e-23)
(0.997579 0.000461589 3.18025e-23)
(0.999019 0.000202129 3.12722e-24)
(0.231314 0.12723 1.06175e-20)
(0.501981 0.084085 3.59772e-21)
(0.778985 0.0436595 -1.80873e-21)
(0.908221 0.0195902 1.55277e-21)
(0.962546 0.00772719 2.73346e-22)
(0.982936 0.00304628 -1.79442e-22)
(0.99148 0.00131769 1.27872e-22)
(0.995676 0.000610219 -5.87113e-23)
(0.997563 0.000330698 6.75584e-23)
(0.999013 0.000144622 -1.10038e-23)
(0.117284 0.0780146 1.49898e-21)
(0.469533 0.0523401 -2.50096e-21)
(0.769335 0.0266844 1.94736e-21)
(0.905272 0.011891 -1.16935e-21)
(0.961678 0.00467586 -1.59051e-22)
(0.982695 0.00183945 1.34288e-22)
(0.991412 0.000794098 -9.41069e-23)
(0.995654 0.000367637 -4.04814e-23)
(0.997553 0.00019894 -4.83319e-23)
(0.999008 8.6787e-05 -6.53185e-24)
(0.0594984 0.0263312 -2.41748e-22)
(0.454729 0.0177601 3.60884e-22)
(0.764848 0.00897171 -5.75891e-22)
(0.90388 0.00398766 1.00824e-22)
(0.961262 0.00156719 -1.62469e-22)
(0.982578 0.000616228 2.99467e-23)
(0.99138 0.000265978 -2.70417e-23)
(0.995643 0.000123799 -2.64966e-24)
(0.997547 6.66934e-05 9.05939e-25)
(0.999006 2.87622e-05 6.51612e-24)
)
;

boundaryField
{
    inlet
    {
        type            uniformFixedValue;
        uniformValue    constant (1 0 0);
        value           uniform (1 0 0);
    }
    outlet
    {
        type            pressureInletOutletVelocity;
        value           nonuniform List<vector> 
40
(
(0.999187 -0.000717494 0)
(0.999388 -0.000958321 0)
(0.999632 -0.00110053 0)
(0.999887 -0.00115939 0)
(1.00014 -0.00113313 0)
(1.00037 -0.00103166 0)
(1.00056 -0.000867899 0)
(1.00072 -0.000655043 0)
(1.00082 -0.000406996 0)
(1.00087 -0.000137958 0)
(0.999006 -2.93267e-05 7.50556e-24)
(0.999008 -8.73549e-05 -6.48642e-24)
(0.999012 -0.000145193 -8.80635e-24)
(0.999019 -0.000202706 3.76225e-24)
(0.999028 -0.000259737 -1.64827e-23)
(0.999039 -0.000316124 2.40782e-23)
(0.999053 -0.000371727 8.31071e-24)
(0.99907 -0.00042627 1.04381e-23)
(0.99909 -0.00047888 -3.68597e-23)
(0.999111 -0.000529622 3.13188e-24)
(0.999112 0.000529034 1.9842e-23)
(0.99909 0.000478283 -1.95721e-23)
(0.999071 0.000425674 1.77386e-23)
(0.999054 0.000371134 9.22657e-24)
(0.99904 0.000315535 1.77399e-23)
(0.999028 0.000259154 -2.54613e-23)
(0.999019 0.000202129 3.12722e-24)
(0.999013 0.000144622 -1.10038e-23)
(0.999008 8.6787e-05 -6.53185e-24)
(0.999006 2.87622e-05 6.51612e-24)
(1.00088 0.00013798 0)
(1.00082 0.000407029 0)
(1.00072 0.000655117 0)
(1.00056 0.000868014 0)
(1.00037 0.00103174 0)
(1.00014 0.00113317 0)
(0.999888 0.00115938 0)
(0.999633 0.00110045 0)
(0.999389 0.000957966 0)
(0.999188 0.000717068 0)
)
;
    }
    cylinder
    {
        type            fixedValue;
        value           uniform (0 0 0);
    }
    top
    {
        type            symmetryPlane;
    }
    bottom
    {
        type            symmetryPlane;
    }
    defaultFaces
    {
        type            empty;
    }
}


// ************************************************************************* //
