/*--------------------------------*- C++ -*----------------------------------*\
  =========                 |
  \\      /  F ield         | OpenFOAM: The Open Source CFD Toolbox
   \\    /   O peration     | Website:  https://openfoam.org
    \\  /    A nd           | Version:  6.0
     \\/     M anipulation  |
\*---------------------------------------------------------------------------*/
FoamFile
{
    version     2.0;
    format      ascii;
    class       pointSet;
    location    "constant/polyMesh/sets";
    object      nonAlignedEdges;
}
// * * * * * * * * * * * * * * * * * * * * * * * * * * * * * * * * * * * * * //


6344
(
65536 
65537 
65538 
65539 
65540 
65548 
65549 
65550 
65551 
65552 
65553 
65554 
65555 
65556 
65557 
65558 
65559 
65560 
65561 
65570 
65571 
65572 
65573 
65574 
65575 
65576 
65577 
65578 
65579 
65580 
65581 
65582 
65591 
65592 
65593 
65594 
65595 
65596 
65597 
65598 
65599 
65600 
65601 
65602 
65603 
65613 
65614 
65615 
65616 
65617 
65618 
65619 
65620 
65621 
65622 
65623 
65624 
65635 
65636 
65637 
65638 
65639 
65640 
65641 
65642 
65643 
65644 
65645 
65658 
65659 
65660 
65661 
65662 
65663 
65664 
65665 
65666 
65679 
65680 
65681 
65682 
65683 
65684 
65685 
65686 
65687 
65701 
65702 
65703 
65704 
65705 
65706 
65707 
65708 
65725 
65726 
65727 
65728 
65729 
65829 
65830 
65831 
65832 
65833 
65834 
65847 
65848 
65849 
65850 
65851 
65852 
65853 
65854 
65855 
65865 
65866 
65867 
65868 
65869 
65870 
65871 
65872 
65873 
65874 
65875 
65876 
65885 
65886 
65887 
65888 
65889 
65890 
65891 
65892 
65893 
65894 
65895 
65896 
65897 
65906 
65907 
65908 
65909 
65910 
65911 
65912 
65913 
65914 
65915 
65916 
65917 
65918 
65926 
65927 
65928 
65929 
65930 
65931 
65932 
65933 
65934 
65935 
65936 
65937 
65938 
65939 
65947 
65948 
65949 
65950 
65951 
65952 
65953 
65954 
65955 
65956 
65957 
65958 
65959 
65960 
65969 
65970 
65971 
65972 
65973 
65974 
65975 
65976 
65977 
65978 
65979 
65980 
65981 
65990 
65991 
65992 
65993 
65994 
65995 
65996 
65997 
65998 
65999 
66000 
66001 
66002 
66012 
66013 
66014 
66015 
66016 
66017 
66018 
66019 
66020 
66021 
66022 
66023 
66034 
66035 
66036 
66037 
66038 
66039 
66040 
66041 
66042 
66043 
66044 
66057 
66058 
66059 
66060 
66061 
66062 
66063 
66064 
66065 
66078 
66079 
66080 
66081 
66082 
66083 
66084 
66085 
66086 
66100 
66101 
66102 
66103 
66104 
66105 
66106 
66107 
66124 
66125 
66126 
66127 
66128 
66228 
66229 
66230 
66231 
66232 
66233 
66245 
66246 
66247 
66248 
66249 
66250 
66251 
66252 
66253 
66254 
66264 
66265 
66266 
66267 
66268 
66269 
66270 
66271 
66272 
66273 
66274 
66275 
66284 
66285 
66286 
66287 
66288 
66289 
66290 
66291 
66292 
66293 
66294 
66295 
66296 
66305 
66306 
66307 
66308 
66309 
66310 
66311 
66312 
66313 
66314 
66315 
66316 
66317 
66325 
66326 
66327 
66328 
66329 
66330 
66331 
66332 
66333 
66334 
66335 
66336 
66337 
66338 
66346 
66347 
66348 
66349 
66350 
66351 
66352 
66353 
66354 
66355 
66356 
66357 
66358 
66359 
66368 
66369 
66370 
66371 
66372 
66373 
66374 
66375 
164680 
66376 
164681 
66377 
164682 
66378 
66379 
164684 
66380 
66389 
66390 
66391 
66392 
66393 
66394 
66395 
164700 
66396 
164701 
66397 
164702 
66398 
164703 
66399 
164704 
66400 
66401 
164705 
164706 
66411 
66412 
66413 
66414 
66415 
66416 
164720 
66417 
164721 
164722 
66418 
164723 
66419 
164724 
66420 
66421 
164725 
164726 
66422 
164727 
164728 
164729 
66433 
66434 
66435 
164740 
66436 
164741 
66437 
164742 
66438 
66439 
164743 
66440 
164744 
164745 
66441 
66442 
164746 
66443 
164747 
164748 
164749 
164760 
66456 
164761 
66457 
164762 
66458 
164763 
66459 
164764 
66460 
164765 
66461 
164766 
66462 
66463 
164767 
164768 
66464 
164769 
164770 
164771 
164780 
66477 
164781 
164782 
66478 
66479 
164783 
66480 
164784 
66481 
164785 
164786 
66482 
66483 
164787 
66484 
164788 
164789 
66485 
164790 
164791 
164800 
164801 
164802 
66499 
164803 
164804 
66500 
164805 
66501 
164806 
66502 
164807 
66503 
164808 
66504 
66505 
164809 
66506 
164810 
164820 
164821 
164822 
164823 
164824 
164825 
164826 
66523 
164827 
164828 
66524 
164829 
66525 
164830 
66526 
164831 
66527 
164840 
164841 
164842 
164843 
164844 
164845 
164846 
164847 
164848 
164849 
164850 
164851 
164860 
164861 
164862 
164863 
164864 
164865 
164866 
164867 
164868 
164869 
164880 
164881 
164882 
164883 
164884 
164885 
164886 
164887 
164888 
164900 
164901 
164902 
164903 
164904 
164905 
164906 
164907 
164920 
164921 
164922 
164923 
164924 
164925 
164926 
164927 
66627 
66628 
66629 
66630 
66631 
66632 
164940 
164941 
164942 
164943 
164944 
164945 
164946 
66644 
66645 
66646 
66647 
66648 
66649 
66650 
66651 
66652 
66653 
164960 
164961 
164962 
164963 
66664 
66665 
66666 
66667 
66668 
66669 
66670 
66671 
66672 
66673 
66674 
66684 
66685 
66686 
66687 
66688 
66689 
66690 
66691 
66692 
66693 
66694 
66695 
66704 
66705 
66706 
66707 
66708 
66709 
66710 
66711 
66712 
66713 
66714 
66715 
66716 
66724 
66725 
66726 
66727 
66728 
66729 
66730 
66731 
66732 
66733 
66734 
66735 
66736 
66737 
66745 
66746 
66747 
66748 
66749 
66750 
66751 
66752 
66753 
66754 
66755 
66756 
165060 
165061 
66757 
165062 
66758 
165063 
165064 
66767 
66768 
66769 
66770 
66771 
66772 
66773 
66774 
66775 
165080 
66776 
165081 
66777 
66778 
165082 
165083 
66779 
165084 
165085 
165086 
165087 
66788 
66789 
66790 
66791 
66792 
66793 
66794 
66795 
66796 
165100 
66797 
165101 
66798 
165102 
66799 
165103 
165104 
66800 
165105 
165106 
165107 
165108 
165109 
66810 
66811 
66812 
66813 
66814 
66815 
165120 
66816 
165121 
66817 
165122 
66818 
165123 
66819 
66820 
165124 
165125 
66821 
165126 
165127 
165128 
165129 
165130 
66832 
66833 
66834 
66835 
165140 
66836 
165141 
66837 
165142 
66838 
165143 
66839 
66840 
165144 
165145 
66841 
165146 
66842 
165147 
165148 
165149 
165150 
165151 
66855 
165160 
66856 
66857 
165161 
165162 
66858 
165163 
66859 
66860 
165164 
66861 
165165 
165166 
66862 
165167 
66863 
165168 
165169 
165170 
165171 
66876 
165180 
165181 
66877 
66878 
165182 
165183 
66879 
66880 
165184 
165185 
66881 
165186 
66882 
66883 
165187 
165188 
66884 
165189 
165190 
165191 
165200 
165201 
66898 
165202 
165203 
66899 
165204 
66900 
165205 
66901 
66902 
165206 
66903 
165207 
66904 
165208 
66905 
165209 
165210 
165211 
165220 
165221 
165222 
165223 
165224 
165225 
66922 
165226 
66923 
165227 
66924 
165228 
66925 
165229 
165230 
66926 
165231 
165240 
165241 
165242 
165243 
165244 
165245 
165246 
165247 
165248 
165249 
165250 
165260 
165261 
165262 
165263 
165264 
165265 
165266 
165267 
165268 
165269 
165280 
165281 
165282 
165283 
165284 
165285 
165286 
165287 
165300 
165301 
165302 
165303 
165304 
165305 
165306 
165307 
165320 
165321 
165322 
165323 
165324 
165325 
165326 
67026 
67027 
67028 
67029 
67030 
67031 
165340 
165341 
165342 
165343 
67044 
67045 
67046 
67047 
67048 
67049 
67050 
67051 
67052 
67063 
67064 
67065 
67066 
67067 
67068 
67069 
67070 
67071 
67072 
67073 
67082 
67083 
67084 
67085 
67086 
67087 
67088 
67089 
67090 
67091 
67092 
67093 
67094 
67103 
67104 
67105 
67106 
67107 
67108 
67109 
67110 
67111 
67112 
67113 
67114 
67115 
67123 
67124 
67125 
67126 
67127 
67128 
67129 
67130 
67131 
67132 
67133 
67134 
67135 
165440 
67136 
165441 
165442 
165443 
67144 
67145 
67146 
67147 
67148 
67149 
67150 
67151 
67152 
67153 
67154 
67155 
67156 
165460 
165461 
67157 
165462 
165463 
165464 
165465 
165466 
165467 
67166 
67167 
67168 
67169 
67170 
67171 
67172 
67173 
67174 
67175 
165480 
67176 
67177 
165481 
67178 
165482 
165483 
165484 
165485 
165486 
165487 
165488 
165489 
67187 
67188 
67189 
67190 
67191 
67192 
67193 
67194 
67195 
165500 
67196 
165501 
67197 
165502 
67198 
67199 
165503 
165504 
165505 
165506 
165507 
165508 
165509 
165510 
67209 
67210 
67211 
67212 
67213 
67214 
67215 
165520 
67216 
67217 
165521 
67218 
165522 
165523 
67219 
67220 
165524 
165525 
165526 
165527 
165528 
165529 
165530 
165531 
165532 
67231 
67232 
67233 
67234 
67235 
165540 
67236 
67237 
165541 
165542 
67238 
67239 
165543 
67240 
165544 
165545 
67241 
165546 
165547 
165548 
165549 
165550 
165551 
165552 
67254 
67255 
67256 
165560 
67257 
165561 
165562 
67258 
67259 
165563 
67260 
165564 
67261 
165565 
165566 
67262 
165567 
165568 
165569 
165570 
165571 
67275 
67276 
165580 
67277 
165581 
67278 
165582 
165583 
67279 
165584 
67280 
165585 
67281 
67282 
165586 
67283 
165587 
165588 
165589 
165590 
165591 
165600 
67297 
165601 
67298 
165602 
67299 
165603 
67300 
165604 
67301 
165605 
67302 
165606 
67303 
165607 
67304 
165608 
165609 
165610 
165612 
165620 
165621 
165622 
165623 
165624 
165625 
67321 
165626 
67322 
165627 
67323 
67324 
165628 
165629 
67325 
165630 
165631 
165640 
165641 
165642 
165643 
165644 
165645 
165646 
165647 
165648 
165649 
165660 
165661 
165662 
165663 
165664 
165665 
165666 
165667 
165680 
165681 
165682 
165683 
165684 
165685 
165686 
165687 
165700 
165701 
165702 
165703 
165704 
165705 
165706 
165720 
165721 
165722 
165723 
67425 
67426 
67427 
67428 
67429 
67430 
67442 
67443 
67444 
67445 
67446 
67447 
67448 
67449 
67450 
67451 
67462 
67463 
67464 
67465 
67466 
67467 
67468 
67469 
67470 
67471 
67472 
67481 
67482 
67483 
67484 
67485 
67486 
67487 
67488 
67489 
67490 
67491 
67492 
67493 
67502 
67503 
67504 
67505 
67506 
67507 
67508 
67509 
67510 
67511 
67512 
67513 
67514 
165820 
165821 
165822 
165823 
165824 
67523 
67524 
67525 
67526 
67527 
67528 
67529 
67530 
67531 
67532 
67533 
67534 
67535 
165840 
165841 
165842 
165843 
165844 
165845 
165846 
67543 
165847 
67544 
67545 
67546 
67547 
67548 
67549 
67550 
67551 
67552 
67553 
67554 
67555 
165860 
67556 
165861 
165862 
165863 
165864 
165865 
165866 
165867 
165868 
165869 
67565 
67566 
67567 
67568 
67569 
67570 
67571 
67572 
67573 
67574 
67575 
165880 
67576 
165881 
67577 
165882 
165883 
165884 
165885 
165886 
165887 
165888 
165889 
165890 
67586 
67587 
67588 
67589 
67590 
67591 
67592 
67593 
67594 
67595 
67596 
165900 
67597 
165901 
165902 
67598 
165903 
165904 
165905 
165906 
165907 
165908 
165909 
165910 
165911 
67608 
165912 
67609 
67610 
67611 
67612 
67613 
67614 
67615 
67616 
165920 
67617 
165921 
165922 
67618 
165923 
67619 
165924 
165925 
165926 
165927 
165928 
165929 
165930 
165931 
165932 
67630 
67631 
67632 
67633 
67634 
67635 
67636 
165940 
67637 
165941 
67638 
165942 
165943 
67639 
67640 
165944 
165945 
165946 
165947 
165948 
165949 
165950 
165951 
67653 
67654 
67655 
67656 
165960 
165961 
67657 
67658 
165962 
67659 
165963 
165964 
67660 
165965 
67661 
165966 
165967 
165968 
165969 
165970 
165971 
67674 
67675 
67676 
165980 
67677 
165981 
67678 
165982 
67679 
165983 
165984 
67680 
67681 
165985 
67682 
165986 
165987 
165988 
165989 
165990 
165992 
67696 
166000 
166001 
67697 
166002 
67698 
166003 
67699 
67700 
166004 
166005 
67701 
67702 
166006 
67703 
166007 
166008 
166009 
166010 
166011 
166020 
166021 
166022 
166023 
166024 
67720 
166025 
67721 
67722 
166026 
67723 
166027 
166028 
67724 
166040 
166041 
166042 
166043 
166044 
166045 
166046 
166047 
166060 
166061 
166062 
166063 
166064 
166065 
166066 
166067 
166080 
166081 
166082 
166083 
166084 
166085 
166086 
166100 
166101 
166102 
166103 
67824 
67825 
67826 
67827 
67828 
67829 
67841 
67842 
67843 
67844 
67845 
67846 
67847 
67848 
67849 
67850 
67861 
67862 
67863 
67864 
67865 
67866 
67867 
67868 
67869 
67870 
67871 
67881 
67882 
67883 
67884 
67885 
67886 
67887 
67888 
67889 
67890 
67891 
67892 
166200 
166201 
166202 
166203 
166204 
166205 
67901 
67902 
67903 
67904 
67905 
67906 
67907 
67908 
67909 
67910 
67911 
67912 
67913 
166220 
166221 
166222 
166223 
166224 
166225 
67921 
67922 
166226 
166227 
67923 
67924 
67925 
67926 
67927 
67928 
67929 
67930 
67931 
67932 
67933 
67934 
166240 
166241 
166242 
166243 
166244 
166245 
166246 
166247 
67943 
166248 
67944 
67945 
166249 
67946 
67947 
67948 
67949 
67950 
67951 
67952 
67953 
67954 
67955 
166260 
166261 
166262 
166263 
166264 
166265 
166266 
166267 
67964 
166268 
67965 
166269 
166270 
67966 
166271 
67967 
67968 
67969 
67970 
67971 
67972 
67973 
67974 
67975 
67976 
166280 
166281 
166282 
166283 
166284 
166285 
166286 
166287 
166288 
67985 
166289 
67986 
166290 
166291 
67987 
67988 
67989 
67990 
67991 
67992 
67993 
67994 
67995 
67996 
166300 
166301 
67997 
166302 
166303 
166304 
166305 
166306 
166307 
166308 
166309 
166310 
68007 
166311 
68008 
68009 
68010 
68011 
68012 
68013 
68014 
68015 
166320 
68016 
68017 
166321 
166322 
68018 
166323 
166324 
166325 
166326 
166327 
166328 
166329 
166330 
166331 
68029 
68030 
68031 
68032 
68033 
68034 
68035 
68036 
166340 
68037 
166341 
68038 
166342 
68039 
166343 
166344 
166345 
166346 
166347 
166348 
166349 
166350 
166351 
68052 
68053 
68054 
68055 
166360 
68056 
68057 
166361 
68058 
166362 
166363 
68059 
166364 
68060 
166365 
166366 
166367 
166368 
166369 
166370 
166371 
68073 
68074 
68075 
166380 
68076 
166381 
68077 
166382 
68078 
68079 
166383 
68080 
166384 
166385 
68081 
166386 
166387 
166388 
166389 
166390 
68095 
68096 
166400 
166401 
68097 
68098 
166402 
68099 
166403 
166404 
68100 
166405 
68101 
68102 
166406 
166407 
166408 
166420 
166421 
166422 
68119 
166423 
68120 
166424 
166425 
68121 
68122 
166426 
166427 
68123 
166440 
166441 
166442 
166443 
166444 
166445 
166446 
166447 
166460 
166461 
166462 
166463 
166464 
166465 
166466 
166480 
166481 
166482 
166483 
68223 
68224 
68225 
68226 
68227 
68228 
68241 
68242 
68243 
68244 
68245 
68246 
68247 
68248 
68249 
68260 
68261 
68262 
68263 
68264 
68265 
68266 
68267 
68268 
68269 
68270 
166580 
166581 
166582 
166583 
166584 
68280 
166585 
68281 
68282 
68283 
68284 
68285 
68286 
68287 
68288 
68289 
68290 
68291 
166600 
166601 
166602 
166603 
68300 
166604 
166605 
68301 
68302 
166606 
166607 
68303 
68304 
68305 
68306 
68307 
68308 
68309 
68310 
68311 
68312 
166620 
166621 
166622 
166623 
166624 
68320 
166625 
68321 
68322 
166626 
166627 
68323 
166628 
68324 
166629 
68325 
68326 
68327 
68328 
68329 
68330 
68331 
68332 
68333 
166640 
166641 
166642 
166643 
166644 
166645 
68341 
166646 
68342 
68343 
166647 
68344 
166648 
166649 
68345 
166650 
68346 
166651 
68347 
68348 
68349 
68350 
68351 
68352 
68353 
68354 
166660 
166661 
166662 
166663 
166664 
166665 
166666 
68363 
166667 
166668 
68364 
166669 
68365 
68366 
166670 
166671 
68367 
68368 
68369 
68370 
68371 
68372 
68373 
68374 
68375 
166680 
166681 
166682 
166683 
166684 
166685 
166686 
166687 
166688 
68384 
166689 
68385 
68386 
166690 
68387 
166691 
68388 
68389 
68390 
68391 
68392 
68393 
68394 
68395 
68396 
166700 
166701 
166702 
166703 
166704 
166705 
166706 
166707 
166708 
166709 
68406 
166710 
68407 
166711 
68408 
68409 
68410 
68411 
68412 
68413 
68414 
68415 
68416 
166720 
166721 
68417 
166722 
166723 
166724 
166725 
166726 
166727 
166728 
166729 
166730 
166731 
68428 
68429 
68430 
68431 
68432 
68433 
68434 
68435 
68436 
166740 
166741 
68437 
166742 
68438 
166743 
166744 
166745 
166746 
166747 
166748 
166749 
166750 
166751 
68451 
68452 
68453 
68454 
68455 
68456 
166760 
166761 
68457 
68458 
166762 
166763 
68459 
166764 
166765 
166766 
166767 
166768 
166769 
166770 
68472 
68473 
68474 
68475 
68476 
166780 
68477 
166781 
68478 
166782 
68479 
166783 
166784 
68480 
166785 
166786 
166787 
166788 
68494 
68495 
166800 
68496 
68497 
166801 
166802 
68498 
166803 
68499 
68500 
166804 
166805 
68501 
166806 
166807 
166820 
166821 
166822 
68518 
166823 
68519 
166824 
68520 
166825 
68521 
68522 
166826 
166827 
166840 
166841 
166842 
166843 
166844 
166845 
166846 
166860 
166861 
166862 
166863 
68622 
68623 
68624 
68625 
68626 
68627 
68640 
68641 
68642 
68643 
68644 
68645 
68646 
68647 
68648 
166960 
166961 
166962 
166963 
68659 
166964 
68660 
68661 
68662 
68663 
68664 
68665 
68666 
68667 
68668 
68669 
166980 
166981 
166982 
68678 
166983 
68679 
166984 
68680 
68681 
166985 
166986 
68682 
166987 
68683 
68684 
68685 
68686 
68687 
68688 
68689 
68690 
167000 
167001 
167002 
68699 
167003 
167004 
68700 
167005 
68701 
167006 
68702 
167007 
68703 
167008 
68704 
68705 
167009 
68706 
167011 
68707 
68708 
68709 
68710 
68711 
167020 
167021 
167022 
167023 
167024 
68720 
167025 
68721 
68722 
167026 
167027 
68723 
68724 
167028 
167029 
68725 
167030 
68726 
68727 
68728 
68729 
68730 
68731 
68732 
167040 
167041 
167042 
167043 
167044 
68740 
167045 
68741 
167046 
68742 
68743 
167047 
167048 
68744 
167049 
68745 
68746 
167050 
167051 
68747 
68748 
68749 
68750 
68751 
68752 
68753 
167060 
167061 
167062 
167063 
167064 
167065 
68762 
167066 
167067 
68763 
167068 
68764 
68765 
167069 
68766 
167070 
68767 
167071 
68768 
68769 
68770 
68771 
68772 
68773 
68774 
167080 
167081 
167082 
167083 
167084 
167085 
167086 
167087 
68783 
167088 
68784 
167089 
68785 
68786 
167090 
68787 
167091 
68788 
68789 
68790 
68791 
68792 
68793 
68794 
68795 
167100 
167101 
167102 
167103 
167104 
167105 
167106 
167107 
167108 
68805 
167109 
167110 
68806 
167111 
68807 
68808 
68809 
68810 
68811 
68812 
68813 
68814 
68815 
167120 
68816 
167121 
167122 
167123 
167124 
167125 
167126 
167127 
167128 
167129 
167130 
167131 
68827 
68828 
68829 
68830 
68831 
68832 
68833 
68834 
68835 
68836 
167140 
167141 
68837 
167142 
167143 
167144 
167145 
167146 
167147 
167148 
167149 
167150 
68850 
68851 
68852 
68853 
68854 
68855 
167160 
68856 
167161 
68857 
68858 
167162 
167163 
167164 
167165 
167166 
167167 
167168 
68871 
68872 
68873 
68874 
68875 
68876 
167180 
68877 
167181 
167182 
68878 
167183 
68879 
167184 
167185 
167186 
167187 
68893 
68894 
68895 
68896 
167200 
68897 
167201 
167202 
68898 
68899 
167203 
167204 
68900 
167205 
167206 
167207 
167220 
68917 
167221 
167222 
68918 
167223 
68919 
68920 
167224 
167225 
68921 
167226 
167240 
167241 
167242 
167243 
69021 
69022 
69023 
69024 
69025 
69026 
167340 
167341 
167342 
69038 
167343 
69039 
167344 
69040 
69041 
69042 
167347 
69043 
69044 
69045 
69046 
69047 
167360 
167361 
69058 
167362 
167363 
69059 
69060 
167364 
69061 
167365 
167366 
69062 
69063 
167367 
69064 
69065 
69066 
69067 
69068 
167380 
167381 
69077 
69078 
167382 
69079 
167383 
69080 
167384 
167385 
69081 
167386 
69082 
69083 
167387 
167388 
69084 
167389 
69085 
167390 
69086 
167391 
69087 
69088 
69089 
167400 
167401 
69098 
167402 
167403 
69099 
167404 
69100 
69101 
167405 
167406 
69102 
167407 
69103 
69104 
167408 
69105 
167409 
69106 
167410 
69107 
69108 
69109 
69110 
167420 
167421 
69118 
167422 
69119 
167423 
167424 
69120 
167425 
69121 
167426 
69122 
69123 
167427 
167428 
69124 
167429 
69125 
167430 
69126 
167431 
69127 
69128 
69129 
69130 
69131 
167440 
167441 
167442 
167443 
167444 
69140 
69141 
167445 
69142 
167446 
167447 
69143 
167448 
69144 
167449 
69145 
167450 
69146 
69147 
167451 
69148 
69149 
69150 
69151 
69152 
167460 
167461 
167462 
167463 
167464 
69161 
167465 
167466 
69162 
69163 
167467 
167468 
69164 
69165 
167469 
167470 
69166 
69167 
167471 
69168 
167473 
69169 
69170 
69171 
69172 
69173 
167480 
167481 
167482 
167483 
167484 
167485 
167486 
69182 
167487 
69183 
69184 
167488 
69185 
167489 
69186 
167490 
69187 
167491 
69188 
69189 
69190 
69191 
69192 
69193 
69194 
167500 
167501 
167502 
167503 
167504 
167505 
167506 
167507 
167508 
69204 
69205 
167509 
167510 
69206 
167511 
69207 
69208 
69209 
69210 
69211 
69212 
69213 
69214 
69215 
167520 
167521 
167522 
167523 
167524 
167525 
167526 
167527 
167528 
167529 
69226 
167530 
69227 
69228 
69229 
69230 
69231 
69232 
69233 
69234 
69235 
167540 
69236 
167541 
167542 
167543 
167544 
167545 
167546 
167547 
167548 
69249 
69250 
69251 
69252 
69253 
69254 
69255 
69256 
167560 
69257 
167561 
167562 
167563 
167564 
167565 
167566 
167567 
69270 
69271 
69272 
69273 
69274 
69275 
69276 
167580 
69277 
167581 
167582 
69278 
167583 
167584 
167585 
167586 
167587 
69292 
69293 
69294 
69295 
69296 
167600 
69297 
167601 
167602 
69298 
167603 
69299 
167604 
167605 
167606 
167620 
69316 
69317 
167621 
69318 
167622 
69319 
167623 
69320 
167720 
167721 
167722 
167723 
69420 
69421 
69422 
167727 
69423 
69424 
69425 
167740 
69437 
167741 
69438 
167742 
167743 
69439 
167744 
69440 
167745 
69441 
69442 
167746 
69443 
167747 
69444 
69445 
69446 
167760 
167761 
69457 
167762 
69458 
69459 
167763 
69460 
167764 
167765 
69461 
167766 
69462 
69463 
167767 
69464 
167768 
167769 
69465 
167770 
69466 
69467 
167780 
69477 
167781 
69478 
167782 
167783 
69479 
69480 
167784 
69481 
167785 
167786 
69482 
167787 
69483 
69484 
167788 
167789 
69485 
167790 
69486 
69487 
69488 
167800 
167801 
69497 
167802 
69498 
167803 
69499 
69500 
167804 
167805 
69501 
167806 
69502 
69503 
167807 
167808 
69504 
167809 
69505 
167810 
69506 
167811 
69507 
69508 
69509 
167820 
167821 
69517 
69518 
167822 
167823 
69519 
167824 
69520 
167825 
69521 
69522 
167826 
167827 
69523 
167828 
69524 
69525 
167829 
69526 
167830 
167831 
69527 
69528 
69529 
69530 
167840 
167841 
167842 
69538 
167843 
69539 
167844 
69540 
167845 
69541 
69542 
167846 
69543 
167847 
167848 
69544 
167849 
69545 
167850 
69546 
167851 
69547 
167852 
69548 
69549 
167853 
69550 
69551 
167860 
167861 
167862 
167863 
167864 
69560 
69561 
167865 
69562 
167866 
167867 
69563 
69564 
167868 
69565 
167869 
167870 
69566 
167871 
69567 
69568 
69569 
69570 
69571 
69572 
167880 
167881 
167882 
167883 
167884 
167885 
69581 
69582 
167886 
69583 
167887 
69584 
167888 
69585 
167889 
167890 
69586 
167891 
69587 
167892 
69588 
69589 
69590 
69591 
69592 
69593 
167900 
167901 
167902 
167903 
167904 
167905 
167906 
167907 
69603 
167908 
69604 
167909 
69605 
69606 
69607 
69608 
69609 
69610 
69611 
69612 
69613 
69614 
167920 
167921 
167922 
167923 
167924 
167925 
167926 
167927 
167928 
69625 
167929 
69626 
69627 
69628 
69629 
69630 
69631 
69632 
69633 
69634 
69635 
167940 
167941 
167942 
167943 
167944 
167945 
167946 
167947 
167948 
69648 
69649 
69650 
69651 
69652 
69653 
69654 
69655 
167960 
69656 
167961 
167962 
167963 
167964 
167965 
167966 
167967 
69669 
69670 
69671 
69672 
69673 
69674 
69675 
167980 
69676 
69677 
167981 
167982 
167983 
167984 
167985 
167986 
69691 
69692 
69693 
69694 
69695 
69696 
168000 
168001 
69697 
168002 
69698 
168003 
69715 
69716 
69717 
69718 
69719 
168100 
168101 
168102 
168103 
168120 
168121 
168122 
69819 
168123 
69820 
168124 
168125 
69821 
168126 
69822 
168127 
69823 
168128 
69824 
168140 
168141 
69837 
168142 
69838 
69839 
168143 
168144 
69840 
69841 
168145 
168146 
69842 
168147 
69843 
69844 
168148 
168149 
69845 
168160 
69856 
69857 
168161 
69858 
168162 
168163 
69859 
168164 
69860 
168165 
69861 
168166 
69862 
168167 
69863 
168168 
69864 
168169 
69865 
69866 
168170 
69875 
69876 
168180 
168181 
69877 
168182 
69878 
168183 
69879 
168184 
69880 
69881 
168185 
168186 
69882 
69883 
168187 
168188 
69884 
168189 
69885 
168190 
69886 
168191 
69887 
69896 
168200 
168201 
69897 
168202 
69898 
168203 
69899 
168204 
69900 
168205 
69901 
168206 
69902 
168207 
69903 
168208 
69904 
168209 
69905 
69906 
168210 
168211 
69907 
69908 
168220 
69917 
168221 
69918 
168222 
69919 
168223 
69920 
168224 
69921 
168225 
168226 
69922 
69923 
168227 
69924 
168228 
69925 
168229 
69926 
168230 
168231 
69927 
168232 
69928 
69929 
168240 
69937 
168241 
168242 
69938 
168243 
69939 
168244 
69940 
168245 
69941 
69942 
168246 
168247 
69943 
168248 
69944 
168249 
69945 
69946 
168250 
69947 
168251 
69948 
69949 
69950 
168260 
168261 
168262 
69959 
168263 
69960 
168264 
69961 
168265 
69962 
168266 
69963 
168267 
69964 
168268 
69965 
168269 
168270 
69966 
69967 
168272 
69968 
69969 
69970 
69971 
168280 
168281 
168282 
168283 
168284 
69980 
69981 
168285 
69982 
168286 
69983 
168287 
168288 
69984 
69985 
168289 
168290 
69986 
69987 
69988 
69989 
69990 
69991 
69992 
168300 
168301 
168302 
168303 
168304 
168305 
70002 
168306 
70003 
168307 
70004 
168308 
168309 
70005 
70006 
70007 
70008 
70009 
70010 
70011 
70012 
70013 
168320 
168321 
168322 
168323 
168324 
168325 
168326 
168327 
168328 
70024 
70025 
70026 
70027 
70028 
70029 
70030 
70031 
70032 
70033 
70034 
168340 
168341 
168342 
168343 
168344 
168345 
168346 
168347 
70047 
70048 
70049 
70050 
70051 
70052 
70053 
70054 
70055 
168360 
168361 
168362 
168363 
168364 
168365 
168366 
70068 
70069 
70070 
70071 
70072 
70073 
70074 
70075 
70076 
168380 
168381 
168382 
168383 
70090 
70091 
70092 
70093 
70094 
70095 
70096 
70097 
70114 
70115 
70116 
70117 
70118 
168480 
168481 
168482 
168483 
168500 
168501 
168502 
168503 
168504 
168505 
168506 
168507 
168508 
168520 
168521 
70218 
168522 
168523 
70219 
70220 
168524 
70221 
168525 
168526 
70222 
70223 
168527 
168528 
168540 
70236 
168541 
70237 
70238 
168542 
70239 
168543 
70240 
168544 
70241 
168545 
70242 
168546 
70243 
168547 
168548 
70244 
168549 
168550 
70255 
70256 
168560 
168561 
70257 
70258 
168562 
70259 
168563 
70260 
168564 
70261 
168565 
168566 
70262 
70263 
168567 
70264 
168568 
168569 
70265 
168570 
168571 
70274 
70275 
70276 
168580 
168581 
70277 
168582 
70278 
168583 
70279 
70280 
168584 
168585 
70281 
70282 
168586 
168587 
70283 
70284 
168588 
168589 
70285 
70286 
168590 
168591 
70295 
70296 
168600 
168601 
70297 
168602 
70298 
70299 
168603 
70300 
168604 
168605 
70301 
70302 
168606 
168607 
70303 
168608 
70304 
70305 
168609 
70306 
168610 
70307 
168611 
168620 
70316 
70317 
168621 
168622 
70318 
168623 
70319 
70320 
168624 
70321 
168625 
70322 
168626 
70323 
168627 
168628 
70324 
70325 
168629 
168630 
70326 
70327 
168631 
70328 
168640 
70337 
168641 
168642 
70338 
70339 
168643 
70340 
168644 
70341 
168645 
70342 
168646 
70343 
168647 
168648 
70344 
168649 
70345 
168650 
70346 
70347 
168651 
70348 
70349 
168660 
168661 
168662 
70358 
70359 
168663 
168664 
70360 
70361 
168665 
70362 
168666 
70363 
168667 
70364 
168668 
168669 
70365 
168670 
70366 
70367 
70368 
70369 
70370 
168680 
168681 
168682 
70379 
168683 
70380 
168684 
70381 
168685 
168686 
70382 
168687 
70383 
70384 
168688 
168689 
70385 
168690 
70386 
70387 
70388 
70389 
70390 
70391 
168700 
168701 
168702 
168703 
168704 
168705 
70401 
70402 
168706 
70403 
168707 
70404 
70405 
70406 
70407 
70408 
70409 
70410 
70411 
70412 
168720 
168721 
168722 
168723 
168724 
168725 
168726 
168727 
70423 
70424 
70425 
70426 
70427 
70428 
70429 
70430 
70431 
70432 
70433 
168740 
168741 
168742 
168743 
168744 
168745 
168746 
70446 
70447 
70448 
70449 
70450 
70451 
70452 
70453 
70454 
168760 
168761 
168762 
168763 
70467 
70468 
70469 
70470 
70471 
70472 
70473 
70474 
70475 
70489 
70490 
70491 
70492 
70493 
70494 
70495 
70496 
70513 
70514 
70515 
70516 
70517 
168860 
168861 
168862 
168863 
168864 
168866 
168880 
168881 
168882 
168883 
168884 
168885 
168886 
168887 
168900 
168901 
168902 
168903 
168904 
168905 
168906 
168907 
168908 
168909 
168920 
168921 
168922 
168923 
168924 
168925 
168926 
168927 
168928 
168929 
168930 
168931 
168940 
168941 
168942 
168943 
168944 
168945 
168946 
168947 
168948 
168949 
168950 
168951 
168960 
168961 
168962 
168963 
168964 
168965 
168966 
168967 
168968 
168969 
168970 
168971 
168980 
168981 
168982 
168983 
168984 
168985 
168986 
168987 
168988 
168989 
168990 
168991 
169000 
169001 
169002 
169003 
169004 
169005 
169006 
169007 
169008 
169009 
169010 
169011 
169020 
169021 
169022 
169023 
169024 
169025 
169026 
169027 
169028 
169029 
169030 
169031 
169040 
169041 
169042 
169043 
169044 
169045 
169046 
169047 
169048 
169049 
169060 
169061 
169062 
169063 
169064 
169065 
169066 
169067 
169068 
169069 
169070 
169080 
169081 
169082 
169083 
169084 
169085 
169086 
169087 
169100 
169101 
169102 
169103 
169104 
169105 
169106 
169107 
169120 
169121 
169122 
169123 
169124 
169125 
169126 
169140 
169141 
169142 
169143 
169240 
169241 
169242 
169243 
169244 
169246 
169260 
169261 
169262 
169263 
169264 
169265 
169266 
169269 
169280 
169281 
169282 
169283 
169284 
169285 
169286 
169287 
169288 
169289 
169300 
169301 
169302 
169303 
169304 
169305 
169306 
169307 
169308 
169309 
169310 
169311 
169320 
169321 
169322 
169323 
169324 
169325 
169326 
169327 
169328 
169329 
169330 
169331 
169340 
169341 
169342 
169343 
169344 
169345 
169346 
169347 
169348 
169349 
169350 
169351 
169360 
169361 
169362 
169363 
169364 
169365 
169366 
169367 
169368 
169369 
169370 
169371 
169380 
169381 
169382 
169383 
169384 
169385 
169386 
169387 
169388 
169389 
169390 
169391 
169400 
169401 
169402 
169403 
169404 
169405 
169406 
169407 
169408 
169409 
169410 
169420 
169421 
169422 
169423 
169424 
169425 
169426 
169427 
169428 
169429 
169430 
169440 
169441 
169442 
169443 
169444 
169445 
169446 
169447 
169448 
169449 
169460 
169461 
169462 
169463 
169464 
169465 
169466 
169467 
169480 
169481 
169482 
169483 
169484 
169485 
169486 
169487 
169500 
169501 
169502 
169503 
169504 
169505 
169506 
169520 
169521 
169522 
169523 
169620 
169621 
169622 
169623 
169640 
169641 
169642 
169643 
169644 
169645 
169646 
169647 
169649 
169660 
169661 
169662 
169663 
169664 
169665 
169666 
169667 
169668 
169669 
169680 
169681 
169682 
169683 
169684 
169685 
169686 
169687 
169688 
169689 
169690 
169700 
169701 
169702 
169703 
169704 
169705 
169706 
169707 
169708 
169709 
169710 
169720 
169721 
169722 
169723 
169724 
169725 
169726 
169727 
169728 
169729 
169730 
169731 
169740 
169741 
169742 
169743 
169744 
169745 
169746 
169747 
169748 
169749 
169750 
169751 
169760 
169761 
169762 
169763 
169764 
169765 
169766 
169767 
169768 
169769 
169770 
169771 
169780 
169781 
169782 
169783 
169784 
169785 
169786 
169787 
169788 
169789 
169790 
169800 
169801 
169802 
169803 
169804 
169805 
169806 
169807 
169808 
169809 
169810 
169820 
169821 
169822 
169823 
169824 
169825 
169826 
169827 
169828 
169840 
169841 
169842 
169843 
169844 
169845 
169846 
169847 
169860 
169861 
169862 
169863 
169864 
169865 
169866 
169867 
169880 
169881 
169882 
169883 
169884 
169885 
169886 
169900 
169901 
169902 
169903 
170000 
170001 
170002 
170003 
170020 
170021 
170022 
170023 
170024 
170025 
170026 
170027 
170040 
170041 
170042 
170043 
170044 
170045 
170046 
170047 
170048 
170049 
170060 
170061 
170062 
170063 
170064 
170065 
170066 
170067 
170068 
170069 
170070 
170080 
170081 
170082 
170083 
170084 
170085 
170086 
170087 
170088 
170089 
170090 
170091 
170100 
170101 
170102 
170103 
170104 
170105 
170106 
170107 
170108 
170109 
170110 
170111 
170112 
170120 
170121 
170122 
170123 
170124 
170125 
170126 
170127 
170128 
170129 
170130 
170131 
170140 
170141 
170142 
170143 
170144 
170145 
170146 
170147 
170148 
170149 
170150 
170151 
170160 
170161 
170162 
170163 
170164 
170165 
170166 
170167 
170168 
170169 
170170 
170171 
170180 
170181 
170182 
170183 
170184 
170185 
170186 
170187 
170188 
170189 
170200 
170201 
170202 
170203 
170204 
170205 
170206 
170207 
170208 
170220 
170221 
170222 
170223 
170224 
170225 
170226 
170227 
170240 
170241 
170242 
170243 
170244 
170245 
170246 
170247 
170260 
170261 
170262 
170263 
170264 
170265 
170266 
170280 
170281 
170282 
170283 
170380 
170381 
170382 
170383 
170400 
170401 
170402 
170403 
170404 
170405 
170406 
170407 
170420 
170421 
170422 
170423 
170424 
170425 
170426 
170427 
170428 
170429 
170440 
170441 
170442 
170443 
170444 
170445 
170446 
170447 
170448 
170449 
170450 
170460 
170461 
170462 
170463 
170464 
170465 
170466 
170467 
170468 
170469 
170470 
170471 
170480 
170481 
170482 
170483 
170484 
170485 
170486 
170487 
170488 
170489 
170490 
170491 
170492 
170500 
170501 
170502 
170503 
170504 
170505 
170506 
170507 
170508 
170509 
170510 
170511 
170520 
170521 
170522 
170523 
170524 
170525 
170526 
170527 
170528 
170529 
170530 
170531 
170540 
170541 
170542 
170543 
170544 
170545 
170546 
170547 
170548 
170549 
170550 
170551 
170552 
170560 
170561 
170562 
170563 
170564 
170565 
170566 
170567 
170568 
170569 
170570 
170580 
170581 
170582 
170583 
170584 
170585 
170586 
170587 
170588 
170600 
170601 
170602 
170603 
170604 
170605 
170606 
170607 
170620 
170621 
170622 
170623 
170624 
170625 
170626 
170627 
170640 
170641 
170642 
170643 
170644 
170645 
170646 
170660 
170661 
170662 
170663 
170760 
170761 
170762 
170763 
170764 
170780 
170781 
170782 
170783 
170784 
170785 
170786 
170787 
170788 
170800 
170801 
170802 
170803 
170804 
170805 
170806 
170807 
170808 
170809 
170820 
170821 
170822 
170823 
170824 
170825 
170826 
170827 
170828 
170829 
170830 
170840 
170841 
170842 
170843 
170844 
170845 
170846 
170847 
170848 
170849 
170850 
170851 
170860 
170861 
170862 
170863 
170864 
170865 
170866 
170867 
170868 
170869 
170870 
170871 
170880 
170881 
170882 
170883 
170884 
170885 
170886 
170887 
170888 
170889 
170890 
170891 
170900 
170901 
170902 
170903 
170904 
170905 
170906 
170907 
170908 
170909 
170910 
170911 
170920 
170921 
170922 
170923 
170924 
170925 
170926 
170927 
170928 
170929 
170930 
170932 
170940 
170941 
170942 
170943 
170944 
170945 
170946 
170947 
170948 
170949 
170950 
170960 
170961 
170962 
170963 
170964 
170965 
170966 
170967 
170968 
170980 
170981 
170982 
170983 
170984 
170985 
170986 
170987 
171000 
171001 
171002 
171003 
171004 
171005 
171006 
171007 
171020 
171021 
171022 
171023 
171024 
171025 
171026 
171040 
171041 
171042 
171043 
171140 
171141 
171142 
171143 
171144 
171160 
171161 
171162 
171163 
171164 
171165 
171166 
171168 
171180 
171181 
171182 
171183 
171184 
171185 
171186 
171187 
171188 
171189 
171200 
171201 
171202 
171203 
171204 
171205 
171206 
171207 
171208 
171209 
171210 
171220 
171221 
171222 
171223 
171224 
171225 
171226 
171227 
171228 
171229 
171230 
171231 
171233 
171240 
171241 
171242 
171243 
171244 
171245 
171246 
171247 
171248 
171249 
171250 
171251 
171260 
171261 
171262 
171263 
171264 
171265 
171266 
171267 
171268 
171269 
171270 
171271 
171280 
171281 
171282 
171283 
171284 
171285 
171286 
171287 
171288 
171289 
171290 
171291 
171300 
171301 
171302 
171303 
171304 
171305 
171306 
171307 
171308 
171309 
171310 
171320 
171321 
171322 
171323 
171324 
171325 
171326 
171327 
171328 
171329 
171340 
171341 
171342 
171343 
171344 
171345 
171346 
171347 
171348 
171349 
171360 
171361 
171362 
171363 
171364 
171365 
171366 
171367 
171380 
171381 
171382 
171383 
171384 
171385 
171386 
171387 
171400 
171401 
171402 
171403 
171404 
171405 
171406 
171420 
171421 
171422 
171423 
171520 
171521 
171522 
171523 
171524 
171540 
171541 
171542 
171543 
171544 
171545 
171546 
171547 
171560 
171561 
171562 
171563 
171564 
171565 
171566 
171567 
171568 
171569 
171580 
171581 
171582 
171583 
171584 
171585 
171586 
171587 
171588 
171589 
171590 
171600 
171601 
171602 
171603 
171604 
171605 
171606 
171607 
171608 
171609 
171610 
171613 
171620 
171621 
171622 
171623 
171624 
171625 
171626 
171627 
171628 
171629 
171630 
171631 
171640 
171641 
171642 
171643 
171644 
171645 
171646 
171647 
171648 
171649 
171650 
171651 
171660 
171661 
171662 
171663 
171664 
171665 
171666 
171667 
171668 
171669 
171670 
171671 
171680 
171681 
171682 
171683 
171684 
171685 
171686 
171687 
171688 
171689 
171690 
171700 
171701 
171702 
171703 
171704 
171705 
171706 
171707 
171708 
171709 
171710 
171720 
171721 
171722 
171723 
171724 
171725 
171726 
171727 
171728 
171729 
171740 
171741 
171742 
171743 
171744 
171745 
171746 
171747 
171760 
171761 
171762 
171763 
171764 
171765 
171766 
171767 
171780 
171781 
171782 
171783 
171784 
171785 
171786 
171800 
171801 
171802 
171803 
171900 
171901 
171902 
171903 
171904 
171920 
171921 
171922 
171923 
171924 
171925 
171926 
171927 
171940 
171941 
171942 
171943 
171944 
171945 
171946 
171947 
171948 
171949 
171950 
171960 
171961 
171962 
171963 
171964 
171965 
171966 
171967 
171968 
171969 
171970 
171971 
171980 
171981 
171982 
171983 
171984 
171985 
171986 
171987 
171988 
171989 
171990 
171991 
172000 
172001 
172002 
172003 
172004 
172005 
172006 
172007 
172008 
172009 
172010 
172011 
172020 
172021 
172022 
172023 
172024 
172025 
172026 
172027 
172028 
172029 
172030 
172031 
172040 
172041 
172042 
172043 
172044 
172045 
172046 
172047 
172048 
172049 
172050 
172051 
172060 
172061 
172062 
172063 
172064 
172065 
172066 
172067 
172068 
172069 
172070 
172071 
172080 
172081 
172082 
172083 
172084 
172085 
172086 
172087 
172088 
172089 
172090 
172100 
172101 
172102 
172103 
172104 
172105 
172106 
172107 
172108 
172120 
172121 
172122 
172123 
172124 
172125 
172126 
172127 
172128 
172140 
172141 
172142 
172143 
172144 
172145 
172146 
172147 
172160 
172161 
172162 
172163 
172164 
172165 
172166 
172180 
172181 
172182 
172183 
172280 
172281 
172282 
172284 
172300 
172301 
172302 
172303 
172304 
172305 
172306 
172320 
172321 
172322 
172323 
172324 
172325 
172326 
172327 
172328 
172329 
172330 
172340 
172341 
172342 
172343 
172344 
172345 
172346 
172347 
172348 
172349 
172351 
172360 
172361 
172362 
172363 
172364 
172365 
172366 
172367 
172368 
172369 
172370 
172371 
172380 
172381 
172382 
172383 
172384 
172385 
172386 
172387 
172388 
172389 
172390 
172391 
172400 
172401 
172402 
172403 
172404 
172405 
172406 
172407 
172408 
172409 
172410 
172420 
172421 
172422 
172423 
172424 
172425 
172426 
172427 
172428 
172429 
172430 
172440 
172441 
172442 
172443 
172444 
172445 
172446 
172447 
172448 
172449 
172450 
172451 
172460 
172461 
172462 
172463 
172464 
172465 
172466 
172467 
172468 
172469 
172480 
172481 
172482 
172483 
172484 
172485 
172486 
172487 
172500 
172501 
172502 
172503 
172504 
172505 
172506 
172507 
172508 
172520 
172521 
172522 
172523 
172524 
172525 
172526 
172527 
172540 
172541 
172542 
172543 
172544 
172545 
172546 
172560 
172561 
172562 
172563 
62238 
62239 
62240 
62241 
62242 
62243 
62255 
62256 
62257 
62258 
62259 
62260 
62261 
62262 
62263 
62264 
62275 
62276 
62277 
62278 
62279 
62280 
62281 
62282 
62283 
62284 
62285 
62295 
62296 
62297 
62298 
62299 
62300 
62301 
62302 
62303 
62304 
62305 
62306 
62315 
62316 
62317 
62318 
62319 
62320 
62321 
62322 
62323 
62324 
62325 
62326 
62327 
62335 
62336 
62337 
62338 
62339 
62340 
62341 
62342 
62343 
62344 
62345 
62346 
62347 
62348 
62356 
62357 
62358 
62359 
62360 
62361 
62362 
62363 
62364 
62365 
62366 
62367 
62368 
62369 
62378 
62379 
62380 
62381 
62382 
62383 
62384 
62385 
62386 
62387 
62388 
62389 
62390 
62399 
62400 
62401 
62402 
62403 
62404 
62405 
62406 
62407 
62408 
62409 
62410 
62411 
62421 
62422 
62423 
62424 
62425 
62426 
62427 
62428 
62429 
62430 
62431 
62432 
62443 
62444 
62445 
62446 
62447 
62448 
62449 
62450 
62451 
62452 
62453 
62466 
62467 
62468 
62469 
62470 
62471 
62472 
62473 
62474 
62487 
62488 
62489 
62490 
62491 
62492 
62493 
62494 
62495 
62509 
62510 
62511 
62512 
62513 
62514 
62515 
62516 
62533 
62534 
62535 
62536 
62537 
62637 
62638 
62639 
62640 
62641 
62642 
62654 
62655 
62656 
62657 
62658 
62659 
62660 
62661 
62662 
62663 
62674 
62675 
62676 
62677 
62678 
62679 
62680 
62681 
62682 
62683 
62684 
62693 
62694 
62695 
62696 
62697 
62698 
62699 
62700 
62701 
62702 
62703 
62704 
62705 
62714 
62715 
62716 
62717 
62718 
62719 
62720 
62721 
62722 
62723 
62724 
62725 
62726 
62734 
62735 
62736 
62737 
62738 
62739 
62740 
62741 
62742 
62743 
62744 
62745 
62746 
62747 
62755 
62756 
62757 
62758 
62759 
62760 
62761 
62762 
62763 
62764 
62765 
62766 
62767 
62768 
62777 
62778 
62779 
62780 
62781 
62782 
62783 
62784 
62785 
62786 
62787 
62788 
62789 
62798 
62799 
62800 
62801 
62802 
62803 
62804 
62805 
62806 
62807 
62808 
62809 
62810 
62820 
62821 
62822 
62823 
62824 
62825 
62826 
62827 
62828 
62829 
62830 
62831 
62842 
62843 
62844 
62845 
62846 
62847 
62848 
62849 
62850 
62851 
62852 
62865 
62866 
62867 
62868 
62869 
62870 
62871 
62872 
62873 
62886 
62887 
62888 
62889 
62890 
62891 
62892 
62893 
62894 
62908 
62909 
62910 
62911 
62912 
62913 
62914 
62915 
62932 
62933 
62934 
62935 
62936 
63036 
63037 
63038 
63039 
63040 
63041 
63054 
63055 
63056 
63057 
63058 
63059 
63060 
63061 
63062 
63073 
63074 
63075 
63076 
63077 
63078 
63079 
63080 
63081 
63082 
63083 
63092 
63093 
63094 
63095 
63096 
63097 
63098 
63099 
63100 
63101 
63102 
63103 
63104 
63113 
63114 
63115 
63116 
63117 
63118 
63119 
63120 
63121 
63122 
63123 
63124 
63125 
63134 
63135 
63136 
63137 
63138 
63139 
63140 
63141 
63142 
63143 
63144 
63145 
63146 
63154 
63155 
63156 
63157 
63158 
63159 
63160 
63161 
63162 
63163 
63164 
63165 
63166 
63167 
63176 
63177 
63178 
63179 
63180 
63181 
63182 
63183 
63184 
63185 
63186 
63187 
63188 
63197 
63198 
63199 
63200 
63201 
63202 
63203 
63204 
63205 
63206 
63207 
63208 
63209 
63219 
63220 
63221 
63222 
63223 
63224 
63225 
63226 
63227 
63228 
63229 
63230 
63241 
63242 
63243 
63244 
63245 
63246 
63247 
63248 
63249 
63250 
63251 
63264 
63265 
63266 
63267 
63268 
63269 
63270 
63271 
63272 
63285 
63286 
63287 
63288 
63289 
63290 
63291 
63292 
63293 
63307 
63308 
63309 
63310 
63311 
63312 
63313 
63314 
63330 
63331 
63332 
63333 
63334 
63335 
63435 
63436 
63437 
63438 
63439 
63440 
63452 
63453 
63454 
63455 
63456 
63457 
63458 
63459 
63460 
63461 
63472 
63473 
63474 
63475 
63476 
63477 
63478 
63479 
63480 
63481 
63482 
63491 
63492 
63493 
63494 
63495 
63496 
63497 
63498 
63499 
63500 
63501 
63502 
63503 
63512 
63513 
63514 
63515 
63516 
63517 
63518 
63519 
63520 
63521 
63522 
63523 
63524 
63532 
63533 
63534 
63535 
63536 
63537 
63538 
63539 
63540 
63541 
63542 
63543 
63544 
63545 
63553 
63554 
63555 
63556 
63557 
63558 
63559 
63560 
63561 
63562 
63563 
63564 
63565 
63566 
63575 
63576 
63577 
63578 
63579 
63580 
63581 
63582 
63583 
63584 
63585 
63586 
63587 
63596 
63597 
63598 
63599 
63600 
63601 
63602 
63603 
63604 
63605 
63606 
63607 
63608 
63618 
63619 
63620 
63621 
63622 
63623 
63624 
63625 
63626 
63627 
63628 
63629 
63640 
63641 
63642 
63643 
63644 
63645 
63646 
63647 
63648 
63649 
63650 
63663 
63664 
63665 
63666 
63667 
63668 
63669 
63670 
63671 
63684 
63685 
63686 
63687 
63688 
63689 
63690 
63691 
63692 
63706 
63707 
63708 
63709 
63710 
63711 
63712 
63713 
63729 
63730 
63731 
63732 
63733 
63734 
63834 
63835 
63836 
63837 
63838 
63839 
63851 
63852 
63853 
63854 
63855 
63856 
63857 
63858 
63859 
63860 
63871 
63872 
63873 
63874 
63875 
63876 
63877 
63878 
63879 
63880 
63881 
63890 
63891 
63892 
63893 
63894 
63895 
63896 
63897 
63898 
63899 
63900 
63901 
63902 
63911 
63912 
63913 
63914 
63915 
63916 
63917 
63918 
63919 
63920 
63921 
63922 
63923 
63931 
63932 
63933 
63934 
63935 
63936 
63937 
63938 
63939 
63940 
63941 
63942 
63943 
63944 
63952 
63953 
63954 
63955 
63956 
63957 
63958 
63959 
63960 
63961 
63962 
63963 
63964 
63965 
63974 
63975 
63976 
63977 
63978 
63979 
63980 
63981 
63982 
63983 
63984 
63985 
63986 
63995 
63996 
63997 
63998 
63999 
64000 
64001 
64002 
64003 
64004 
64005 
64006 
64007 
64017 
64018 
64019 
64020 
64021 
64022 
64023 
64024 
64025 
64026 
64027 
64028 
64039 
64040 
64041 
64042 
64043 
64044 
64045 
64046 
64047 
64048 
64049 
64062 
64063 
64064 
64065 
64066 
64067 
64068 
64069 
64070 
64083 
64084 
64085 
64086 
64087 
64088 
64089 
64090 
64091 
64105 
64106 
64107 
64108 
64109 
64110 
64111 
64112 
64129 
64130 
64131 
64132 
64133 
64233 
64234 
64235 
64236 
64237 
64238 
64250 
64251 
64252 
64253 
64254 
64255 
64256 
64257 
64258 
64259 
64270 
64271 
64272 
64273 
64274 
64275 
64276 
64277 
64278 
64279 
64280 
64289 
64290 
64291 
64292 
64293 
64294 
64295 
64296 
64297 
64298 
64299 
64300 
64301 
64310 
64311 
64312 
64313 
64314 
64315 
64316 
64317 
64318 
64319 
64320 
64321 
64322 
64331 
64332 
64333 
64334 
64335 
64336 
64337 
64338 
64339 
64340 
64341 
64342 
64343 
64352 
64353 
64354 
64355 
64356 
64357 
64358 
64359 
64360 
64361 
64362 
64363 
64364 
64373 
64374 
64375 
64376 
64377 
64378 
64379 
64380 
64381 
64382 
64383 
64384 
64385 
64394 
64395 
64396 
64397 
64398 
64399 
64400 
64401 
64402 
64403 
64404 
64405 
64406 
64416 
64417 
64418 
64419 
64420 
64421 
64422 
64423 
64424 
64425 
64426 
64427 
64438 
64439 
64440 
64441 
64442 
64443 
64444 
64445 
64446 
64447 
64448 
64461 
64462 
64463 
64464 
64465 
64466 
64467 
64468 
64469 
64482 
64483 
64484 
64485 
64486 
64487 
64488 
64489 
64490 
64504 
64505 
64506 
64507 
64508 
64509 
64510 
64511 
64528 
64529 
64530 
64531 
64532 
64632 
64633 
64634 
64635 
64636 
64637 
64649 
64650 
64651 
64652 
64653 
64654 
64655 
64656 
64657 
64658 
64669 
64670 
64671 
64672 
64673 
64674 
64675 
64676 
64677 
64678 
64679 
64689 
64690 
64691 
64692 
64693 
64694 
64695 
64696 
64697 
64698 
64699 
64700 
64709 
64710 
64711 
64712 
64713 
64714 
64715 
64716 
64717 
64718 
64719 
64720 
64721 
64729 
64730 
64731 
64732 
64733 
64734 
64735 
64736 
64737 
64738 
64739 
64740 
64741 
64742 
64750 
64751 
64752 
64753 
64754 
64755 
64756 
64757 
64758 
64759 
64760 
64761 
64762 
64763 
64772 
64773 
64774 
64775 
64776 
64777 
64778 
64779 
64780 
64781 
64782 
64783 
64784 
64793 
64794 
64795 
64796 
64797 
64798 
64799 
64800 
64801 
64802 
64803 
64804 
64805 
64815 
64816 
64817 
64818 
64819 
64820 
64821 
64822 
64823 
64824 
64825 
64826 
64837 
64838 
64839 
64840 
64841 
64842 
64843 
64844 
64845 
64846 
64847 
64860 
64861 
64862 
64863 
64864 
64865 
64866 
64867 
64868 
64881 
64882 
64883 
64884 
64885 
64886 
64887 
64888 
64889 
64903 
64904 
64905 
64906 
64907 
64908 
64909 
64910 
64927 
64928 
64929 
64930 
64931 
65031 
65032 
65033 
65034 
65035 
65036 
65048 
65049 
65050 
65051 
65052 
65053 
65054 
65055 
65056 
65057 
65068 
65069 
65070 
65071 
65072 
65073 
65074 
65075 
65076 
65077 
65078 
65087 
65088 
65089 
65090 
65091 
65092 
65093 
65094 
65095 
65096 
65097 
65098 
65099 
65108 
65109 
65110 
65111 
65112 
65113 
65114 
65115 
65116 
65117 
65118 
65119 
65120 
65128 
65129 
65130 
65131 
65132 
65133 
65134 
65135 
65136 
65137 
65138 
65139 
65140 
65141 
65149 
65150 
65151 
65152 
65153 
65154 
65155 
65156 
65157 
65158 
65159 
65160 
65161 
65162 
65171 
65172 
65173 
65174 
65175 
65176 
65177 
65178 
65179 
65180 
65181 
65182 
65183 
65192 
65193 
65194 
65195 
65196 
65197 
65198 
65199 
65200 
65201 
65202 
65203 
65204 
65214 
65215 
65216 
65217 
65218 
65219 
65220 
65221 
65222 
65223 
65224 
65225 
65236 
65237 
65238 
65239 
65240 
65241 
65242 
65243 
65244 
65245 
65246 
65259 
65260 
65261 
65262 
65263 
65264 
65265 
65266 
65267 
65280 
65281 
65282 
65283 
65284 
65285 
65286 
65287 
65288 
65302 
65303 
65304 
65305 
65306 
65307 
65308 
65309 
65326 
65327 
65328 
65329 
65330 
65430 
65431 
65432 
65433 
65434 
65435 
65448 
65449 
65450 
65451 
65452 
65453 
65454 
65455 
65456 
65467 
65468 
65469 
65470 
65471 
65472 
65473 
65474 
65475 
65476 
65477 
65486 
65487 
65488 
65489 
65490 
65491 
65492 
65493 
65494 
65495 
65496 
65497 
65498 
65507 
65508 
65509 
65510 
65511 
65512 
65513 
65514 
65515 
65516 
65517 
65518 
65519 
65528 
65529 
65530 
65531 
65532 
65533 
65534 
65535 
)

// ************************************************************************* //
