/*--------------------------------*- C++ -*----------------------------------*\
  =========                 |
  \\      /  F ield         | OpenFOAM: The Open Source CFD Toolbox
   \\    /   O peration     | Website:  https://openfoam.org
    \\  /    A nd           | Version:  6.0
     \\/     M anipulation  |
\*---------------------------------------------------------------------------*/
FoamFile
{
    version     2.0;
    format      ascii;
    class       faceSet;
    location    "constant/polyMesh/sets";
    object      skewFaces;
}
// * * * * * * * * * * * * * * * * * * * * * * * * * * * * * * * * * * * * * //


1975
(
172032 
188417 
188418 
180226 
172035 
65539 
180229 
172037 
180232 
106504 
180235 
188435 
188437 
188439 
122904 
40984 
188441 
188443 
188453 
180262 
188455 
57384 
188457 
180265 
188458 
180268 
180271 
180274 
8244 
180279 
73784 
180281 
163899 
188477 
188479 
180289 
180292 
188486 
286791 
180295 
180297 
188491 
188493 
188495 
122959 
188497 
172122 
172125 
172128 
172131 
172134 
188519 
188522 
188527 
188529 
172149 
172152 
172155 
172157 
295051 
188559 
188565 
172185 
57499 
172188 
180382 
180385 
180388 
180391 
172199 
172201 
180394 
172206 
172209 
172212 
458933 
188599 
172215 
188601 
180409 
188603 
180412 
180415 
180417 
204 
303311 
172248 
114904 
180445 
172253 
188639 
180448 
172260 
172263 
131304 
180459 
180461 
180466 
180469 
180472 
147704 
65784 
180475 
450813 
188678 
188679 
82184 
188681 
172308 
98584 
180508 
172317 
131359 
8479 
180513 
180520 
180523 
188717 
188719 
327998 
319 
24904 
172368 
172371 
172374 
180568 
180577 
65899 
24959 
328068 
328071 
172428 
16784 
180628 
180631 
180634 
123319 
139704 
172487 
336328 
172488 
156104 
401866 
336331 
172491 
180688 
90584 
147939 
106984 
139759 
123384 
172545 
172548 
180747 
344588 
180748 
410126 
344591 
180751 
33304 
188960 
49704 
8744 
180805 
180808 
33359 
418386 
17019 
131719 
164504 
262809 
8859 
156339 
377528 
115384 
131784 
148184 
271069 
172765 
172768 
25319 
41704 
197360 
58104 
385788 
74504 
320275 
49939 
172828 
172831 
41759 
279329 
181025 
181028 
25384 
238387 
394048 
148299 
172887 
140119 
172888 
312155 
181088 
181091 
246647 
164739 
17284 
172948 
172951 
140184 
172954 
181147 
181148 
924 
156584 
33719 
254907 
205760 
66504 
173008 
181208 
82904 
173017 
181211 
181214 
58339 
99304 
17399 
33784 
50184 
173068 
181268 
173080 
173083 
156699 
181277 
164923 
173125 
173128 
173133 
181328 
173146 
181340 
173149 
181343 
173152 
173155 
50299 
173182 
173185 
173188 
173191 
164999 
42119 
1159 
181385 
173194 
181388 
173199 
181393 
173201 
173209 
173212 
181406 
173215 
181409 
173217 
181412 
181415 
91304 
66739 
107704 
181442 
181445 
181448 
124104 
42184 
181451 
181454 
181459 
181461 
58584 
181469 
181472 
287971 
181475 
181477 
74984 
173302 
9464 
173305 
173308 
173311 
124159 
173314 
173329 
173332 
173335 
173337 
296231 
173365 
173368 
181562 
460093 
181565 
181568 
181571 
173379 
173381 
181574 
173386 
58699 
173389 
173392 
173395 
181589 
181592 
304473 
181595 
181597 
173428 
181625 
173433 
181628 
173440 
173443 
451973 
181639 
116104 
181641 
181646 
1424 
181649 
181652 
181655 
132504 
148904 
66984 
173488 
181688 
83384 
173497 
181693 
181700 
181703 
99784 
132559 
9699 
173548 
173551 
173554 
181748 
26104 
181757 
1539 
165403 
67099 
329248 
329251 
173608 
26159 
181808 
181811 
181814 
18004 
173667 
337508 
173668 
403046 
337511 
173671 
124519 
140904 
181868 
157304 
91784 
149139 
108184 
173725 
140959 
173728 
181927 
345768 
181928 
124584 
411306 
345771 
181931 
165559 
34504 
190160 
50904 
181985 
181988 
9964 
419566 
34559 
263989 
165685 
132919 
165688 
18239 
378708 
10079 
157539 
116584 
165748 
165751 
132984 
272249 
173945 
173948 
149384 
26519 
386968 
42904 
321435 
198560 
59304 
165807 
165808 
174008 
75704 
174011 
280509 
182205 
182208 
51139 
239567 
42959 
26584 
395228 
141279 
313315 
165868 
165871 
165874 
174067 
174068 
149499 
182268 
182271 
141323 
247827 
165928 
174128 
165937 
174131 
174134 
182327 
182328 
18504 
256087 
157784 
2144 
165988 
34919 
174188 
206960 
166000 
166003 
182388 
174197 
182391 
67704 
182394 
84104 
59539 
100504 
166045 
166048 
166053 
174248 
34984 
182448 
166066 
174260 
166069 
174263 
166072 
51384 
182457 
166075 
18619 
157899 
166102 
166105 
166108 
166111 
174305 
166114 
174308 
166119 
174313 
166121 
182508 
166129 
166132 
174326 
166135 
182520 
174329 
166137 
182523 
174332 
174335 
174362 
174365 
174368 
174371 
182565 
174374 
182568 
174379 
51499 
182573 
174381 
174389 
43319 
174392 
182586 
174395 
182589 
174397 
182592 
182595 
2379 
166222 
166225 
166228 
166231 
92504 
166234 
182622 
182625 
67939 
182628 
182631 
108904 
166249 
182634 
166252 
182639 
166255 
182641 
166257 
125304 
43384 
182649 
182652 
289151 
182655 
182657 
59784 
166285 
166288 
174482 
174485 
174488 
76184 
174491 
166299 
166301 
174494 
166306 
166309 
166312 
166315 
174509 
125359 
174512 
174515 
174517 
10684 
297411 
461253 
166348 
174545 
166353 
174548 
182742 
166360 
182745 
166363 
182748 
182751 
174559 
174561 
182754 
174566 
174569 
141803 
174572 
174575 
182769 
182772 
182775 
182777 
59899 
166408 
453133 
141839 
174608 
166417 
182805 
174613 
182808 
174620 
174623 
182819 
182821 
182826 
182829 
182832 
182835 
117304 
166468 
166471 
133704 
166474 
174668 
182868 
2644 
445013 
174677 
150104 
68184 
182873 
182880 
182883 
84584 
100984 
133759 
166528 
174728 
174731 
174734 
182928 
420504 
182937 
10919 
27304 
166587 
330428 
166588 
330431 
166591 
174788 
2759 
68299 
182988 
182991 
182994 
27359 
166645 
166648 
174847 
338688 
174848 
404226 
338691 
174851 
183048 
125719 
19224 
158504 
92984 
174905 
174908 
183107 
150339 
346948 
183108 
412486 
346951 
183111 
109384 
125784 
142184 
35704 
183165 
191360 
183168 
52104 
35759 
11184 
281533 
265169 
166865 
166868 
142299 
117723 
134119 
379888 
19459 
166928 
166931 
158739 
273429 
175125 
175128 
322595 
11299 
134184 
388148 
150584 
27719 
44104 
166987 
166988 
199760 
175188 
175191 
60504 
183385 
183388 
76904 
314475 
240747 
52339 
396408 
44159 
167048 
27784 
167051 
167054 
175247 
175248 
183448 
183451 
150699 
249007 
306355 
167108 
175308 
167117 
175311 
175314 
183507 
183508 
257267 
167168 
175368 
158984 
167180 
19724 
167183 
183568 
175377 
183571 
183574 
36119 
208160 
3364 
68904 
85304 
167225 
167228 
167233 
60739 
175428 
101704 
183628 
167246 
175440 
167249 
175443 
167252 
183637 
167255 
36184 
52584 
167282 
167285 
167288 
167291 
159099 
175485 
167294 
19839 
175488 
167299 
175493 
167301 
183688 
167309 
167312 
175506 
167315 
183700 
175509 
167317 
183703 
175512 
175515 
175542 
175545 
118203 
175548 
175551 
183745 
175554 
183748 
175559 
183753 
175561 
175569 
175572 
183766 
282071 
175575 
183769 
175577 
52699 
183772 
183775 
44519 
167402 
167405 
167408 
167411 
167414 
183802 
183805 
183808 
183811 
167429 
183814 
167432 
93704 
183819 
167435 
183821 
167437 
3599 
69139 
183829 
183832 
110104 
290331 
183835 
183837 
126504 
44584 
167465 
167468 
175662 
175665 
175668 
175671 
167479 
142904 
60984 
167481 
175674 
167486 
167489 
167492 
167495 
77384 
175689 
175692 
462413 
175695 
175697 
298591 
126559 
167528 
175725 
167533 
175728 
183922 
167540 
183925 
167543 
183928 
183931 
175739 
175741 
183934 
11904 
175746 
175749 
175752 
175755 
183949 
183952 
183955 
454293 
183957 
167588 
61099 
175788 
167597 
183985 
175793 
183988 
175800 
175803 
183999 
184001 
184006 
184009 
184012 
184015 
446173 
167648 
167651 
167654 
175848 
184048 
175857 
184053 
118519 
134904 
184060 
184063 
151304 
69384 
85784 
3864 
167708 
143139 
175908 
175911 
102184 
175914 
184108 
134959 
184117 
118584 
167767 
331608 
167768 
28504 
331611 
167771 
175968 
184168 
184171 
12139 
184174 
69499 
3979 
28559 
167825 
167828 
176027 
339868 
176028 
405406 
339871 
176031 
184228 
94123 
126919 
176085 
176088 
159704 
20444 
184287 
348128 
184288 
413666 
348131 
184291 
151539 
110584 
126984 
397332 
143384 
184345 
184348 
36904 
192560 
53304 
36959 
266349 
168045 
168048 
12404 
143499 
381068 
135319 
323755 
168108 
168111 
274609 
176305 
176308 
159939 
20679 
389328 
135384 
168167 
12519 
168168 
151784 
176368 
315635 
176371 
184565 
28919 
184568 
45304 
200960 
258305 
241927 
61704 
78104 
53539 
168228 
168231 
168234 
176427 
176428 
45359 
184628 
184631 
28984 
307515 
250187 
151899 
168288 
176488 
168297 
176491 
176494 
184687 
184688 
94603 
168348 
176548 
168360 
168363 
184748 
176557 
184751 
184754 
160184 
37319 
209360 
20944 
168405 
168408 
70104 
168413 
176608 
184808 
86504 
4584 
168426 
176620 
168429 
176623 
168432 
184817 
168435 
61939 
102904 
119304 
37384 
168462 
168465 
168468 
168471 
53784 
176665 
168474 
176668 
168479 
176673 
168481 
184868 
168489 
160299 
168492 
176686 
168495 
184880 
176689 
168497 
184883 
176692 
176695 
119359 
21059 
176722 
176725 
176728 
176731 
184925 
176734 
184928 
176739 
184933 
176741 
176749 
176752 
184946 
283251 
176755 
184949 
176757 
184952 
184955 
168582 
168585 
53899 
168588 
168591 
168594 
184982 
45719 
184985 
184988 
184991 
168609 
184994 
168612 
184999 
168615 
185001 
168617 
185009 
185012 
291511 
185015 
185017 
70339 
168645 
168648 
111304 
176842 
176845 
176848 
176851 
168659 
4819 
463573 
168661 
176854 
127704 
45784 
168666 
168669 
168672 
168675 
176869 
176872 
144104 
62184 
176875 
176877 
78584 
299771 
168708 
94984 
176905 
168713 
176908 
185102 
127759 
168720 
185105 
168723 
185108 
185111 
176919 
176921 
185114 
455453 
176926 
176929 
176932 
176935 
185129 
185132 
185135 
185137 
168768 
13124 
176968 
168777 
185165 
176973 
185168 
176980 
176983 
185179 
62299 
185181 
185186 
447333 
185189 
185192 
185195 
70523 
168828 
168831 
168834 
177028 
185228 
177037 
185233 
185240 
185243 
119719 
136104 
168888 
152504 
177088 
177091 
177094 
70599 
185288 
86984 
185297 
144339 
103384 
5084 
136159 
119784 
168947 
332788 
168948 
398326 
332791 
168951 
177148 
185348 
185351 
29704 
185354 
169005 
13359 
169008 
177207 
341048 
177208 
406586 
341051 
177211 
29759 
185408 
5199 
177265 
177268 
128119 
185467 
349308 
185468 
414846 
349311 
185471 
160904 
21664 
152739 
111784 
185525 
185528 
128184 
259269 
144584 
38104 
193760 
54504 
267529 
169225 
169228 
38159 
382248 
324915 
13624 
144699 
136519 
169288 
169291 
275789 
177485 
177488 
71003 
390508 
161139 
316795 
169347 
169348 
136584 
21899 
177548 
177551 
185745 
185748 
152984 
243107 
30119 
46504 
13739 
202160 
62904 
169408 
308675 
169411 
169414 
177607 
177608 
79304 
185808 
185811 
54739 
95704 
46559 
251367 
30184 
71159 
169468 
177668 
169477 
177671 
177674 
185867 
153099 
185868 
169528 
177728 
169540 
169543 
185928 
177737 
185931 
185934 
161384 
169585 
169588 
38519 
169593 
177788 
210560 
185988 
169606 
177800 
169609 
177803 
169612 
185997 
169615 
22164 
87704 
63139 
104104 
169642 
5804 
169645 
169648 
169651 
177845 
169654 
177848 
120504 
38584 
169659 
177853 
169661 
186048 
169669 
169672 
54984 
177866 
169675 
186060 
177869 
169677 
186063 
177872 
177875 
71384 
161499 
177902 
120559 
177905 
177908 
177911 
186105 
177914 
186108 
177919 
186113 
177921 
22279 
177929 
177932 
186126 
284431 
177935 
186129 
177937 
186132 
186135 
46879 
169762 
169765 
169768 
169771 
169774 
186162 
186165 
186168 
186171 
55099 
169789 
186174 
169792 
186179 
169795 
186181 
169797 
46923 
186189 
186192 
292691 
186195 
186197 
464733 
169825 
169828 
178022 
178025 
178028 
178031 
169839 
169841 
178034 
169846 
112504 
169849 
169852 
169855 
178049 
178052 
178055 
128904 
178057 
300951 
6039 
145304 
63384 
169888 
456613 
178085 
169893 
178088 
79784 
186282 
169900 
186285 
169903 
186288 
186291 
178099 
178101 
186294 
96184 
178106 
178109 
128959 
178112 
178115 
186309 
186312 
186315 
186317 
169948 
178148 
169957 
186345 
178153 
186348 
448493 
178160 
178163 
186359 
186361 
186366 
186369 
186372 
186375 
14344 
63499 
170008 
170011 
170014 
178208 
186408 
178217 
186413 
186420 
186423 
170068 
120919 
137304 
178268 
178271 
178274 
186468 
153704 
186477 
88184 
145539 
104584 
170127 
137359 
333968 
170128 
399506 
333971 
170131 
178328 
120984 
186528 
6304 
186531 
186534 
30904 
170185 
170188 
178387 
342228 
178388 
407766 
342231 
178391 
186588 
30959 
14579 
350471 
350473 
178445 
178448 
6419 
186647 
186648 
416026 
186651 
129319 
47403 
162104 
47439 
186705 
153939 
186708 
112984 
260449 
22884 
129384 
145784 
375168 
39304 
194960 
55704 
268709 
170405 
170408 
72104 
326075 
39359 
383428 
170468 
170471 
276969 
178665 
145899 
178668 
137719 
236027 
14844 
317955 
391688 
170527 
170528 
162339 
178728 
178731 
186925 
186928 
137784 
244287 
154184 
309835 
23119 
31319 
170588 
170591 
203360 
170594 
178787 
178788 
64104 
186988 
186991 
14959 
80504 
252547 
55939 
96904 
170648 
31384 
178848 
170657 
178851 
178854 
187047 
187048 
47784 
154299 
170708 
178908 
170720 
170723 
187108 
178917 
187111 
187114 
211713 
170765 
170768 
170773 
178968 
162584 
47899 
23323 
187168 
170786 
178980 
170789 
178983 
39719 
170792 
187177 
170795 
170822 
88904 
170825 
170828 
170831 
179025 
170834 
64339 
179028 
170839 
105304 
179033 
170841 
187228 
170849 
170852 
179046 
170855 
23399 
187240 
121704 
39784 
179049 
170857 
187243 
179052 
179055 
7024 
56184 
72584 
179082 
162699 
179085 
179088 
179091 
187285 
179094 
187288 
179099 
187293 
179101 
121759 
179109 
179112 
187306 
285611 
179115 
187309 
179117 
187312 
187315 
170942 
170945 
170948 
170951 
170954 
187342 
187345 
187348 
187351 
170969 
187354 
482268 
170972 
482271 
187359 
170975 
187361 
170977 
465893 
187369 
56299 
187372 
293871 
187375 
187377 
171005 
171008 
179202 
179205 
179208 
179211 
171019 
171021 
179214 
171026 
171029 
171032 
171035 
179229 
179232 
179235 
179237 
113704 
457773 
302131 
130104 
171068 
179265 
171073 
179268 
187462 
171080 
146504 
64584 
187465 
171083 
187468 
187471 
179279 
179281 
187474 
179286 
80984 
179289 
7259 
179292 
179295 
187489 
187492 
187495 
97384 
187497 
130159 
449653 
171128 
179328 
171137 
187525 
179333 
187528 
179340 
179343 
187539 
187541 
187546 
187549 
187552 
187555 
171188 
171191 
171194 
64699 
179388 
187588 
179397 
187593 
15564 
187600 
187603 
171248 
179448 
179451 
23803 
179454 
187648 
122119 
138504 
187657 
154904 
89384 
171307 
335148 
171308 
400686 
335151 
171311 
146739 
179508 
105784 
187708 
187711 
138559 
187714 
122184 
7524 
171365 
171368 
32104 
482668 
482671 
179567 
343408 
179568 
408946 
343411 
179571 
187768 
48504 
23959 
32159 
179625 
179628 
187827 
187828 
417206 
187831 
15799 
130519 
7639 
163304 
187885 
187888 
261629 
155139 
114184 
130584 
376348 
146984 
24119 
40504 
196160 
269889 
171585 
327235 
171588 
56904 
73304 
384608 
48739 
40559 
24184 
171648 
171651 
278149 
179845 
179848 
319115 
237207 
147099 
392868 
138919 
188077 
188079 
171707 
171708 
16064 
179908 
179911 
310995 
163539 
188119 
188121 
245467 
138984 
171768 
155384 
171771 
188158 
171774 
188159 
179967 
179968 
32519 
204560 
466710 
65304 
253727 
188199 
81704 
188201 
188203 
57139 
16179 
171828 
98104 
180028 
171837 
180031 
180034 
32584 
188239 
188245 
48984 
155499 
171888 
188279 
180088 
171900 
188287 
171903 
188289 
180097 
188317 
188319 
188322 
171945 
188331 
171948 
188333 
188335 
188337 
171953 
180148 
171966 
180160 
171969 
188355 
180163 
171972 
188357 
188359 
171975 
163784 
188361 
188363 
49099 
188366 
188373 
188375 
40919 
188377 
188378 
172002 
172005 
172008 
188395 
172011 
188397 
180205 
172014 
188399 
180208 
188401 
188403 
172019 
188405 
180213 
172021 
188407 
90104 
188409 
188411 
188413 
172029 
188415 
)

// ************************************************************************* //
