/*--------------------------------*- C++ -*----------------------------------*\
  =========                 |
  \\      /  F ield         | OpenFOAM: The Open Source CFD Toolbox
   \\    /   O peration     | Website:  https://openfoam.org
    \\  /    A nd           | Version:  6.0
     \\/     M anipulation  |
\*---------------------------------------------------------------------------*/
FoamFile
{
    version     2.0;
    format      ascii;
    class       surfaceScalarField;
    location    "1";
    object      phi;
}
// * * * * * * * * * * * * * * * * * * * * * * * * * * * * * * * * * * * * * //

dimensions      [0 3 -1 0 0 0 0];

internalField   nonuniform List<scalar> 
3880
(
-0.000217686
0.000217682
4.0452e-09
-0.000520262
0.000302511
6.42586e-08
-0.000750185
0.000229793
1.30396e-07
-0.000833313
8.29409e-05
1.8691e-07
-0.000740016
-9.3523e-05
2.2598e-07
-0.000469326
-0.000270933
2.43467e-07
-3.89964e-05
-0.000430569
2.39424e-07
0.00052282
-0.000562033
2.16784e-07
0.00118427
-0.000661628
1.80504e-07
-0.000727981
1.39113e-07
0.00191211
-0.000194036
0.000411719
-0.000463211
0.000571686
-0.000658621
0.000425203
-0.000708067
0.000132386
-0.00058302
-0.00021857
-0.000284171
-0.000569783
0.000168582
-0.000883322
0.000745064
-0.00113851
0.00141218
-0.00132875
-0.00145639
0.00214059
-0.000151763
0.000563481
-0.000359747
0.000779671
-0.000491294
0.00055675
-0.000478491
0.000119583
-0.000295453
-0.000401607
5.36828e-05
-0.000918919
0.000545072
-0.00137471
0.00114523
-0.00173868
0.00181917
-0.00200268
-0.00218056
0.00254334
-9.92616e-05
0.000662743
-0.000227769
0.000908178
-0.00027461
0.000603591
-0.000178979
2.39511e-05
8.00466e-05
-0.000660632
0.000492672
-0.00133154
0.00102963
-0.00191167
0.00165393
-0.00236297
0.00232918
-0.00267793
-0.00288885
0.00303747
-4.56611e-05
0.000708404
-8.70879e-05
0.000949604
-3.76604e-05
0.000554164
0.000153251
-0.000166961
0.000498262
-0.00100564
0.000979009
-0.00181229
0.00155956
-0.00249223
0.00220026
-0.00300367
0.00286541
-0.00334308
-0.00356557
0.00354212
1.7404e-06
0.000706664
4.58271e-05
0.000905518
0.000195182
0.000404809
0.000487027
-0.000458806
0.000921155
-0.00143977
0.0014672
-0.00235833
0.00208189
-0.00310692
0.00272484
-0.00364661
0.00336464
-0.00398289
-0.00419486
0.00399394
3.91048e-05
0.000667559
0.000161377
0.000783245
0.000408898
0.000157289
0.00080169
-0.000851598
0.00132115
-0.00195923
0.00192201
-0.00295919
0.00255467
-0.00373958
0.00318112
-0.00427306
0.00377828
-0.00458005
-0.00476262
0.00434604
6.63522e-05
0.000601207
0.000257824
0.000591773
0.00059892
-0.000183807
0.00108729
-0.00133997
0.00168004
-0.00255198
0.00231636
-0.00359551
0.00294427
-0.00436749
0.00353281
-0.0048616
0.00407018
-0.00511743
-0.00525539
0.00456296
8.62577e-05
0.000514949
0.000339806
0.000338225
0.000768952
-0.000612953
0.00134211
-0.00191312
0.00198777
-0.00319765
0.0026321
-0.00423984
0.0032266
-0.004962
0.00375333
-0.00538833
0.00421616
-0.00558027
-0.00565949
0.00462026
0.000102891
0.000412058
0.000415033
2.60834e-05
0.000926108
-0.00112403
0.00156806
-0.00255508
0.00224127
-0.00387085
0.00286518
-0.00486375
0.00339894
-0.00549576
0.00383627
-0.00582565
0.00419852
-0.00594252
-0.00598415
0.00452318
0.000120031
0.000292027
0.000490434
-0.00034432
0.00107499
-0.00170859
0.00176434
-0.00324442
0.00243826
-0.00454478
0.00302078
-0.00544627
0.00348564
-0.00596061
0.00383656
-0.00617657
0.004086
-0.00619197
-0.00611847
0.00422033
0.000140189
0.000151839
0.000569354
-0.000773485
0.00121399
-0.00235322
0.00192399
-0.00395443
0.00257158
-0.00519237
0.00309642
-0.00597111
0.00349347
-0.00635766
0.00378642
-0.00646952
0.00400952
-0.00641507
-0.00628795
0.00417899
0.000164397
-1.25581e-05
0.000650677
-0.00125976
0.00133567
-0.00303821
0.00203698
-0.00465574
0.00263413
-0.00578951
0.00308944
-0.00642642
0.00341764
-0.00668586
0.00365315
-0.00670503
0.00383007
-0.00659199
-0.00642761
0.00396972
0.000192424
-0.000204982
0.000729407
-0.00179675
0.00142978
-0.00373858
0.00209444
-0.0053204
0.00262317
-0.00631825
0.0030038
-0.00680705
0.00326806
-0.00695011
0.00345793
-0.00689491
0.00360967
-0.00674372
-0.00656368
0.00374575
0.000223033
-0.000428015
0.000798322
-0.00237204
0.00148708
-0.00442734
0.00209228
-0.00592559
0.00254201
-0.00676799
0.00284776
-0.0071128
0.00305258
-0.00715493
0.00319986
-0.00704219
0.00332144
-0.0068653
-0.00667646
0.00343421
0.000254139
-0.000682154
0.000850043
-0.00296794
0.00150213
-0.00507943
0.00203224
-0.00645571
0.00239953
-0.00713528
0.00263482
-0.00734808
0.00278726
-0.00730737
0.0028983
-0.00715323
0.0029949
-0.0069619
-0.00677326
0.0030917
0.000282991
-0.000965144
0.000878807
-0.00356376
0.00147391
-0.00567453
0.00192048
-0.00690227
0.00220708
-0.00742188
0.00237832
-0.00751933
0.00248452
-0.00741357
0.00256226
-0.00723096
0.00263279
-0.00703243
-0.00684698
0.00270651
0.000306541
-0.00127169
0.000881392
-0.00413861
0.00140498
-0.00619812
0.00176522
-0.00726252
0.00197602
-0.00763268
0.00209038
-0.00763369
0.00215622
-0.0074794
0.00220418
-0.00727893
0.00225046
-0.0070787
-0.00689936
0.00230284
0.000321966
-0.00159365
0.000857122
-0.00467376
0.00129992
-0.00664092
0.00157483
-0.00753742
0.00171582
-0.00777367
0.00177954
-0.00769741
0.001809
-0.00750886
0.00182838
-0.00729831
0.00184921
-0.00709954
-0.00692675
0.0018766
0.000327101
-0.00192075
0.000807159
-0.00515382
0.00116412
-0.00699788
0.00135678
-0.00773008
0.00143384
-0.00785073
0.00145176
-0.00771533
0.00144732
-0.00750442
0.00143863
-0.00728961
0.00143337
-0.00709428
-0.0069282
0.00143482
0.000320735
-0.00224149
0.000733904
-0.00556699
0.00100307
-0.00726705
0.00111752
-0.00784453
0.00113558
-0.00786879
0.00111069
-0.00769044
0.00107293
-0.00746666
0.00103493
-0.00725162
0.00100121
-0.00706056
-0.00690041
0.000973417
0.000302581
-0.00254407
0.000640414
-0.00590482
0.000822056
-0.00744869
0.000862544
-0.00788501
0.000825412
-0.00783166
0.000759187
-0.00762422
0.00068747
-0.00739494
0.000618411
-0.00718256
0.000554125
-0.00699627
-0.00684142
0.000495135
0.000273322
-0.00281739
0.000530338
-0.00616184
0.000626284
-0.00754464
0.000596986
-0.00785572
0.000507457
-0.00774213
0.00040023
-0.00751699
0.000293093
-0.00728781
0.000190719
-0.00708018
9.3535e-05
-0.00689909
-0.00674922
1.33436e-06
0.000234312
-0.0030517
0.000407515
-0.00633504
0.000420668
-0.00755779
0.000325552
-0.0077606
0.000185766
-0.00760234
3.74779e-05
-0.0073687
-0.000106355
-0.00714397
-0.000243474
-0.00694306
-0.000374486
-0.00676807
-0.00662393
-0.000499772
0.000187289
-0.00323899
0.000275662
-0.00642342
0.000209586
-0.00749171
5.23696e-05
-0.00760338
-0.000135939
-0.00741403
-0.000325398
-0.00717924
-0.000506773
-0.0069626
-0.000679181
-0.00677065
-0.000843689
-0.00660357
-0.00646696
-0.00100066
0.000134081
-0.00337307
0.000138067
-0.0064274
-3.41574e-06
-0.00735023
-0.000219382
-0.00738742
-0.000454782
-0.00717863
-0.000685494
-0.00694853
-0.000905004
-0.00674309
-0.00111289
-0.00656277
-0.00131007
-0.00640639
-0.00627889
-0.00149814
7.64965e-05
-0.00344957
-2.42698e-06
-0.00634848
-0.000215652
-0.00713701
-0.000487737
-0.00711533
-0.000769456
-0.00689691
-0.00104193
-0.00667606
-0.00130068
-0.00648434
-0.00154538
-0.00631807
-0.00177639
-0.00617539
-0.00605502
-0.00200025
1.64327e-05
-0.003466
-0.000142964
-0.00618908
-0.000424556
-0.00685541
-0.000751216
-0.00678867
-0.00107994
-0.00656819
-0.00139626
-0.00635973
-0.00169693
-0.00618367
-0.00198156
-0.00603344
-0.00225096
-0.00590599
-0.00578403
-0.00252195
-4.40327e-05
-0.00342197
-0.000280162
-0.00595295
-0.000626321
-0.00650925
-0.00100629
-0.0064087
-0.001384
-0.00619049
-0.00174917
-0.00599456
-0.00209898
-0.00583386
-0.00243121
-0.00570121
-0.0027453
-0.00559189
-0.0054609
-0.00306843
-0.000102939
-0.00331903
-0.000410536
-0.00564535
-0.000815834
-0.00610396
-0.00124533
-0.0059792
-0.00167075
-0.00576507
-0.00208761
-0.0055777
-0.00249637
-0.0054251
-0.00289774
-0.00529983
-0.0032934
-0.00519624
-0.00518874
-0.00356556
-0.000158894
-0.00316013
-0.000531883
-0.00527237
-0.000989761
-0.00564608
-0.00146155
-0.00550741
-0.00192498
-0.00530164
-0.00238067
-0.00512201
-0.00283457
-0.0049712
-0.00328913
-0.00484527
-0.00375015
-0.00473522
-0.00458743
-0.00435146
-0.000211132
-0.002949
-0.000643633
-0.00483987
-0.00114894
-0.00514078
-0.00165826
-0.00499809
-0.00215144
-0.00480847
-0.00262571
-0.00464774
-0.00308205
-0.00451486
-0.00352729
-0.00440003
-0.00397454
-0.00428798
-0.00416485
-0.00439711
-0.000258809
-0.00269019
-0.000744651
-0.00435402
-0.00129285
-0.00459258
-0.00183875
-0.00445219
-0.0023675
-0.00427971
-0.00287931
-0.00413593
-0.00337652
-0.00401764
-0.00386121
-0.00391534
-0.00432889
-0.0038203
-0.00373531
-0.00475843
-0.00030145
-0.00238874
-0.000833955
-0.00382152
-0.0014184
-0.00400813
-0.00199286
-0.00387773
-0.00254587
-0.0037267
-0.0030794
-0.0036024
-0.00359659
-0.00350045
-0.00409903
-0.0034129
-0.0045853
-0.00333403
-0.00326598
-0.00505464
-0.000339023
-0.00204972
-0.000912594
-0.00324795
-0.00153007
-0.00339065
-0.00213281
-0.00327499
-0.00271245
-0.00314705
-0.00327187
-0.00304299
-0.00381406
-0.00295826
-0.00434036
-0.00288659
-0.00485082
-0.00282357
-0.00277145
-0.00534535
-0.00037074
-0.00167898
-0.000978422
-0.00264027
-0.00162292
-0.00274615
-0.00224861
-0.00264931
-0.00284979
-0.00254587
-0.00343017
-0.00246261
-0.00399313
-0.0023953
-0.00454097
-0.00233876
-0.00507494
-0.0022896
-0.00225014
-0.00559625
-0.00039666
-0.00128232
-0.00103213
-0.0020048
-0.00169888
-0.0020794
-0.00234385
-0.00200435
-0.00296352
-0.0019262
-0.00356231
-0.00186382
-0.00414387
-0.00181374
-0.00471066
-0.00177197
-0.00526427
-0.00173599
-0.00170791
-0.0058065
-0.000416366
-0.000865954
-0.00107286
-0.00134831
-0.0017565
-0.00139576
-0.00241622
-0.00134462
-0.0030501
-0.00129231
-0.00366311
-0.00125081
-0.00425922
-0.00121763
-0.00484111
-0.00119008
-0.00541055
-0.00116655
-0.00114864
-0.00596982
-0.000429637
-0.000436316
-0.00110025
-0.000677696
-0.00179527
-0.000700738
-0.00246504
-0.000674847
-0.00310872
-0.000648639
-0.00373161
-0.000627923
-0.00433783
-0.000611408
-0.00493018
-0.000597732
-0.00551062
-0.000586118
-0.000577453
-0.0060818
-0.000436319
2.70513e-09
-0.00111402
8.98612e-09
-0.00181478
1.25614e-08
-0.00248963
1.28401e-08
-0.00313829
1.22539e-08
-0.00376622
1.24665e-08
-0.00437764
1.29586e-08
-0.00497539
1.25966e-08
-0.00556152
1.09489e-08
8.14601e-09
-0.00613898
-0.000436319
0.000436321
-0.00111402
0.000677714
-0.00181477
0.000700763
-0.00248963
0.000674872
-0.00313828
0.000648663
-0.00376622
0.000627948
-0.00437764
0.000611433
-0.00497538
0.000597757
-0.00556151
0.000586139
0.000577468
-0.00613897
-0.000429636
0.000865958
-0.00110024
0.00134832
-0.00179526
0.00139578
-0.00246504
0.00134465
-0.00310871
0.00129234
-0.0037316
0.00125084
-0.00433782
0.00121766
-0.00493017
0.00119011
-0.0055106
0.00116657
0.00114865
-0.00608178
-0.000416365
0.00128232
-0.00107285
0.00200481
-0.00175649
0.00207942
-0.00241621
0.00200437
-0.00305009
0.00192622
-0.0036631
0.00186384
-0.0042592
0.00181376
-0.00484109
0.00177199
-0.00541053
0.00173601
0.00170792
-0.00596979
-0.000396658
0.00167898
-0.00103212
0.00264028
-0.00169887
0.00274617
-0.00234384
0.00264933
-0.0029635
0.00254588
-0.00356229
0.00246263
-0.00414385
0.00239532
-0.00471064
0.00233878
-0.00526424
0.00228961
0.00225015
-0.00580647
-0.000370738
0.00204972
-0.000978417
0.00324796
-0.00162292
0.00339067
-0.0022486
0.00327501
-0.00284978
0.00314707
-0.00343015
0.003043
-0.00399311
0.00295828
-0.00454095
0.00288661
-0.00507492
0.00282359
0.00277146
-0.00559623
-0.00033902
0.00238874
-0.000912588
0.00382152
-0.00153006
0.00400814
-0.0021328
0.00387775
-0.00271244
0.00372671
-0.00327185
0.00360242
-0.00381404
0.00350047
-0.00434035
0.00341291
-0.0048508
0.00333404
0.003266
-0.00534534
-0.000301447
0.00269019
-0.000833948
0.00435403
-0.00141839
0.00459259
-0.00199285
0.0044522
-0.00254585
0.00427972
-0.00307938
0.00413594
-0.00359657
0.00401765
-0.00409901
0.00391536
-0.00458529
0.00382032
0.00373533
-0.00505463
-0.000258806
0.00294899
-0.000744644
0.00483986
-0.00129284
0.00514078
-0.00183874
0.00499809
-0.00236749
0.00480847
-0.00287929
0.00464774
-0.0033765
0.00451487
-0.00386119
0.00440005
-0.00432887
0.004288
0.00416488
-0.00475841
-0.000211129
0.00316012
-0.000643627
0.00527236
-0.00114893
0.00564608
-0.00165825
0.00550741
-0.00215142
0.00530165
-0.00262569
0.00512201
-0.00308203
0.00497121
-0.00352727
0.00484529
-0.00397452
0.00473524
0.00458745
-0.00439709
-0.000158892
0.00331901
-0.000531877
0.00564535
-0.000989752
0.00610396
-0.00146154
0.0059792
-0.00192496
0.00576507
-0.00238065
0.0055777
-0.00283454
0.00542511
-0.0032891
0.00529984
-0.00375011
0.00519625
0.00518876
-0.00435141
-0.000102938
0.00342195
-0.000410532
0.00595294
-0.000815826
0.00650925
-0.00124532
0.0064087
-0.00167074
0.00619048
-0.00208759
0.00599456
-0.00249634
0.00583386
-0.00289771
0.00570121
-0.00329336
0.0055919
0.00546091
-0.00356551
-4.4032e-05
0.00346598
-0.000280159
0.00618907
-0.000626316
0.00685541
-0.00100629
0.00678867
-0.00138399
0.00656818
-0.00174916
0.00635972
-0.00209896
0.00618366
-0.00243118
0.00603344
-0.00274527
0.00590599
0.00578404
-0.00306839
1.64324e-05
0.00344955
-0.000142964
0.00634846
-0.000424554
0.007137
-0.000751212
0.00711533
-0.00107993
0.0068969
-0.00139625
0.00667604
-0.00169691
0.00648432
-0.00198154
0.00631806
-0.00225093
0.00617538
0.00605502
-0.00252192
7.64954e-05
0.00337305
-2.42852e-06
0.00642739
-0.000215654
0.00735022
-0.000487738
0.00738741
-0.000769455
0.00717862
-0.00104193
0.00694851
-0.00130068
0.00674307
-0.00154537
0.00656275
-0.00177637
0.00640638
0.00627888
-0.00200023
0.00013408
0.00323897
0.000138064
0.0064234
-3.42026e-06
0.00749171
-0.000219387
0.00760338
-0.000454788
0.00741402
-0.0006855
0.00717923
-0.000905007
0.00696258
-0.00111289
0.00677064
-0.00131006
0.00660355
0.00646695
-0.00149813
0.000187288
0.00305169
0.000275659
0.00633503
0.00020958
0.00755779
5.23597e-05
0.0077606
-0.000135952
0.00760233
-0.000325412
0.00736868
-0.000506786
0.00714395
-0.00067919
0.00694304
-0.000843692
0.00676805
0.00662391
-0.00100065
0.000234313
0.00281737
0.000407514
0.00616183
0.000420662
0.00754464
0.000325541
0.00785572
0.000185749
0.00774213
3.74583e-05
0.00751698
-0.000106374
0.00728779
-0.000243491
0.00708016
-0.000374496
0.00689906
0.00674919
-0.000499776
0.000273325
0.00254405
0.000530341
0.00590482
0.000626282
0.0074487
0.000596978
0.00788502
0.000507442
0.00783166
0.00040021
0.00762421
0.000293071
0.00739493
0.000190698
0.00718253
9.35178e-05
0.00699624
0.00684139
1.32208e-06
0.000302586
0.00224146
0.000640423
0.00556698
0.000822063
0.00726706
0.000862545
0.00784454
0.000825405
0.0078688
0.000759172
0.00769044
0.000687451
0.00746665
0.000618388
0.00725159
0.000554101
0.00706053
0.00690038
0.000495112
0.000320742
0.00192072
0.000733921
0.0051538
0.00100309
0.00699789
0.00111753
0.0077301
0.00113558
0.00785075
0.00111069
0.00771534
0.00107292
0.00750442
0.00103491
0.0072896
0.00100118
0.00709426
0.00692818
0.000973383
0.00032711
0.00159361
0.000807183
0.00467373
0.00116415
0.00664092
0.00135681
0.00753744
0.00143387
0.0077737
0.00145178
0.00769743
0.00144733
0.00750887
0.00143862
0.00729831
0.00143334
0.00709953
0.00692674
0.00143478
0.000321974
0.00127163
0.000857152
0.00413855
0.00129997
0.0061981
0.00157488
0.00726253
0.00171588
0.0076327
0.00177959
0.00763372
0.00180903
0.00747943
0.00182839
0.00727894
0.00184921
0.00707871
0.00689937
0.00187658
0.000306548
0.000965087
0.000881424
0.00356368
0.00140504
0.00567448
0.0017653
0.00690227
0.0019761
0.0074219
0.00209046
0.00751936
0.00215629
0.0074136
0.00220424
0.00723099
0.00225049
0.00703246
0.006847
0.00230286
0.000282994
0.000682093
0.000878836
0.00296783
0.00147398
0.00507934
0.00192057
0.00645567
0.00220719
0.00713528
0.00237844
0.00734811
0.00248464
0.0073074
0.00256237
0.00715327
0.00263288
0.00696194
0.00677329
0.00270659
0.000254139
0.000427954
0.000850066
0.00237191
0.00150219
0.00442722
0.00203235
0.00592551
0.00239968
0.00676796
0.00263498
0.0071128
0.00278743
0.00715495
0.00289847
0.00704223
0.00299507
0.00686534
0.0066765
0.00309186
0.000223031
0.000204923
0.000798336
0.0017966
0.00148714
0.00373841
0.00209239
0.00532027
0.00254217
0.00631817
0.00284796
0.00680702
0.0030528
0.00695012
0.00320009
0.00689493
0.00332167
0.00674376
0.00656372
0.00343445
0.00019242
1.25025e-05
0.000729411
0.00125961
0.00142982
0.003038
0.00209454
0.00465555
0.00262333
0.00578937
0.00300401
0.00642634
0.00326831
0.00668582
0.00345821
0.00670503
0.00360996
0.00659201
0.00642764
0.00374604
0.000164391
-0.000151889
0.000650672
0.000773331
0.00133569
0.00235299
0.00203706
0.00395418
0.00263427
0.00519215
0.00308965
0.00597095
0.0034179
0.00635757
0.00365345
0.00646948
0.00383039
0.00641507
0.00628798
0.00397006
0.000140181
-0.00029207
0.000569341
0.000344171
0.00121399
0.00170834
0.00192404
0.00324412
0.0025717
0.0045445
0.00309661
0.00544604
0.00349372
0.00596045
0.00378673
0.00617648
0.00400986
0.00619193
0.00611848
0.00417935
0.000120022
-0.000412092
0.000490416
-2.62226e-05
0.00107498
0.00112378
0.00176436
0.00255475
0.00243835
0.00387051
0.00302094
0.00486345
0.00348588
0.00549552
0.00383685
0.0058255
0.00408635
0.00594244
0.00598414
0.00422069
0.000102881
-0.000514973
0.000415012
-0.000338353
0.000926086
0.000612702
0.00156807
0.00191277
0.00224132
0.00319725
0.00286531
0.00423946
0.00339915
0.00496168
0.00383654
0.0053881
0.00419885
0.00558013
0.00565945
0.00452354
8.62476e-05
-0.000601221
0.000339785
-0.00059189
0.000768927
0.00018356
0.00134209
0.0013396
0.0019878
0.00255155
0.00263219
0.00359507
0.00322677
0.0043671
0.00375358
0.0048613
0.00421648
0.00511723
0.0052553
0.00462063
6.63432e-05
-0.000667564
0.000257806
-0.000783353
0.000598898
-0.000157532
0.00108727
0.000851226
0.00168005
0.00195877
0.00231642
0.0029587
0.0029444
0.00373912
0.00353302
0.00427268
0.00407047
0.00457978
0.00476247
0.0045633
3.90981e-05
-0.000706662
0.000161365
-0.00090562
0.000408884
-0.000405051
0.00080168
0.00045843
0.00132115
0.00143929
0.00192205
0.00235781
0.00255476
0.00310641
0.00318128
0.00364617
0.00377851
0.00398254
0.00419466
0.00434633
1.73673e-06
-0.000708399
4.58224e-05
-0.000949706
0.000195177
-0.000554406
0.000487024
0.000166583
0.000921158
0.00100516
0.00146722
0.00181175
0.00208194
0.00249169
0.00272493
0.00300318
0.00336478
0.00334269
0.00356531
0.00399413
-4.56615e-05
-0.000662737
-8.70853e-05
-0.000908282
-3.76552e-05
-0.000603836
0.000153256
-2.43279e-05
0.000498264
0.000660151
0.00097901
0.001331
0.00155957
0.00191113
0.00220028
0.00236247
0.00286545
0.00267751
0.00288856
0.0035422
-9.92591e-05
-0.000563478
-0.00022776
-0.000779781
-0.000274597
-0.000556999
-0.000178966
-0.000119959
8.00508e-05
0.000401134
0.000492663
0.000918392
0.00102961
0.00137418
0.0016539
0.00173818
0.00232914
0.00200227
0.00218026
0.00303745
-0.000151758
-0.00041172
-0.000359735
-0.000571805
-0.000491276
-0.000425457
-0.000478474
-0.000132761
-0.000295447
0.000218106
5.36713e-05
0.000569274
0.000545037
0.000882813
0.00114517
0.00113805
0.00181909
0.00132835
0.00145609
0.00254326
-0.000194031
-0.000217689
-0.000463199
-0.000302637
-0.000658605
-0.000230051
-0.000708051
-8.33149e-05
-0.000583013
9.30678e-05
-0.000284179
0.00027044
0.000168552
0.000430081
0.00074501
0.000561589
0.00141211
0.000661257
0.000727697
0.0021405
-0.000217684
-0.000520257
-0.000750178
-0.000833306
-0.000740012
-0.000469328
-3.90075e-05
0.000522799
0.00118424
0.00191207
0.00626953
-0.00435661
-8.05863e-07
0.00712388
-0.000853981
-3.74195e-07
0.00737473
-0.000250664
-1.86723e-07
0.00742637
-5.16153e-05
-2.11698e-08
0.00740317
2.32815e-05
-7.83613e-08
0.00735148
5.16952e-05
-3.84708e-09
0.00728722
6.43151e-05
-6.06368e-08
0.00721672
7.04888e-05
1.50834e-08
0.00714313
7.34773e-05
1.11107e-07
7.59387e-05
3.46057e-08
0.00622954
-0.00844556
0.00708471
-0.00170916
0.00734063
-0.000506583
0.00739721
-0.000108195
0.00737895
4.15423e-05
0.00733213
9.85188e-05
0.00727272
0.000123723
0.00720705
0.000136155
0.0071383
0.00014223
0.000147076
0.00615572
-0.0120579
0.00700713
-0.00256056
0.00727263
-0.000772085
0.00733908
-0.000174645
0.00733067
4.99503e-05
0.00729355
0.000135637
0.0072438
0.000173472
0.00718778
0.000192175
0.00712867
0.000201341
0.000208573
0.00605435
-0.0150748
0.00689214
-0.00339835
0.0071711
-0.00105104
0.00725233
-0.000255875
0.00725862
4.36547e-05
0.00723599
0.000158275
0.00720065
0.000208803
0.00715903
0.0002338
0.00711431
0.000246063
0.000255682
0.00592764
-0.0174603
0.00674078
-0.00421149
0.00703664
-0.00134691
0.0071375
-0.000356738
0.00716326
1.79003e-05
0.00715979
0.000161747
0.00714354
0.000225053
0.00712097
0.000256371
0.00709529
0.000271738
0.000283747
0.00577507
-0.0192415
0.00655432
-0.00499074
0.00687017
-0.00166276
0.00699536
-0.000481927
0.00704518
-3.19203e-05
0.00706543
0.000141499
0.00707281
0.000217677
0.00707383
0.000255347
0.00707174
0.000273828
0.000288227
0.00558988
-0.0204853
0.00633357
-0.00573442
0.00667271
-0.00200191
0.00682679
-0.000636001
0.00690512
-0.000110257
0.0069535
9.3127e-05
0.0069889
0.000182278
0.00701791
0.000226333
0.0070438
0.000247939
0.000264727
0.00534929
-0.0212716
0.00607686
-0.00646199
0.00644488
-0.00236993
0.00663268
-0.000823809
0.00674391
-0.00022148
0.00682466
1.23718e-05
0.00689232
0.000114621
0.00695355
0.000165102
0.00701164
0.000189846
0.000209027
0.00505933
-0.0217107
0.00578783
-0.00719049
0.00618898
-0.00277108
0.00641455
-0.00104938
0.00656263
-0.000369556
0.00667976
-0.000104758
0.00678368
1.06955e-05
0.00688115
6.76337e-05
0.00697547
9.55304e-05
0.000117103
0.00487057
-0.0220581
0.00548916
-0.00780908
0.00591466
-0.00319657
0.00617555
-0.00131027
0.00636286
-0.000556872
0.00651988
-0.000261775
0.00666375
-0.000133172
0.0068012
-6.98167e-05
0.00693551
-3.87806e-05
-1.48304e-05
0.0431805
-0.0148291
-0.0504095
0.0424428
-0.00707138
0.0423306
-0.0030843
0.0425048
-0.00148454
0.0426777
-0.000729742
0.0427861
-0.000370161
0.0428478
-0.000194852
0.0428822
-0.000104204
0.0429013
-5.79122e-05
-2.17579e-05
0.0443739
-0.00854874
-0.0506542
0.0429262
-0.00562375
0.0426764
-0.00283446
0.042689
-0.0014972
0.042766
-0.000806728
0.0428291
-0.000433267
0.0428696
-0.00023531
0.0428937
-0.000128299
0.0429077
-7.19266e-05
-2.697e-05
0.0445543
-0.00485129
-0.0482517
0.0432878
-0.00435729
0.0429444
-0.00249108
0.0428529
-0.00140567
0.0428532
-0.00080707
0.0428749
-0.000454965
0.0428942
-0.000254581
0.0429073
-0.000141392
0.0429155
-8.01195e-05
-3.01079e-05
0.0446569
-0.0027475
-0.0467607
0.0435326
-0.00323295
0.0431351
-0.00209359
0.0429848
-0.00125539
0.0429325
-0.000754738
0.04292
-0.00044245
0.0429197
-0.000254279
0.0429219
-0.000143622
0.042924
-8.2254e-05
-3.10259e-05
0.0446266
-0.00147052
-0.0459036
0.043684
-0.00229036
0.043274
-0.00168365
0.0430891
-0.00107044
0.043001
-0.000666595
0.0429615
-0.000402995
0.0429442
-0.00023696
0.0429364
-0.000135838
0.0429327
-7.85583e-05
-2.97523e-05
0.0444966
-0.000747128
-0.04522
0.0437689
-0.00156264
0.0433744
-0.00128911
0.0431695
-0.000865586
0.0430574
-0.000554483
0.0429977
-0.000343252
0.0429663
-0.000205633
0.0429499
-0.000119363
0.0429409
-6.96115e-05
-2.64633e-05
0.0443538
-0.000352566
-0.0447484
0.0438079
-0.00101671
0.0434439
-0.000925092
0.0432295
-0.000651193
0.0431017
-0.000426695
0.0430273
-0.00026884
0.042985
-0.000163388
0.0429615
-9.57873e-05
0.0429481
-5.62402e-05
-2.14474e-05
0.0442313
-0.000148467
-0.0444354
0.0438202
-0.000605561
0.0434893
-0.00059424
0.0432719
-0.000433787
0.0431343
-0.000289069
0.0430498
-0.000184372
0.0429996
-0.000113197
0.0429707
-6.68405e-05
0.0429539
-3.94368e-05
-1.50741e-05
0.0441445
-5.03323e-05
-0.0442426
0.0438205
-0.000281588
0.0435162
-0.000289931
0.0432989
-0.000216499
0.0431556
-0.000145777
0.0430649
-9.36531e-05
0.0430096
-5.78469e-05
0.042977
-3.43058e-05
0.0429579
-2.02975e-05
-7.76764e-06
0.0440998
-0.0441502
0.0438182
0.0435283
0.0433118
0.043166
0.0430724
0.0430145
0.0429802
0.0429599
0.0513789
0.00096438
-0.0509085
0.0517831
0.00147239
0.0520932
0.00199272
0.0523043
0.00249543
0.0523692
0.00302681
0.0522997
0.00350373
0.0520078
0.00403768
0.0515701
0.00440734
0.0508856
0.00486355
0.00469641
0.0469092
0.000770982
-0.0467158
0.0471301
0.00125155
0.0473918
0.00173094
0.0477008
0.00218642
0.0480933
0.00263432
0.0485644
0.0030327
0.0491681
0.00343397
0.0498108
0.00376465
0.0505246
0.00414971
0.00456676
0.0447573
0.000606233
-0.0445925
0.04499
0.00101884
0.0452921
0.00142886
0.0456488
0.00182969
0.0460542
0.00222897
0.046471
0.00261584
0.0468986
0.0030064
0.0472912
0.00337205
0.0477122
0.00372867
0.00402729
0.043346
0.000487155
-0.043227
0.0435177
0.000847139
0.0437407
0.00120591
0.0440104
0.00156002
0.0443305
0.00190883
0.0446997
0.00224668
0.045133
0.00257302
0.0456247
0.00288041
0.0461829
0.00317046
0.00344944
0.0424251
0.000388731
-0.0423266
0.0425824
0.000689792
0.0427998
0.000988542
0.0430771
0.00128265
0.0434156
0.0015704
0.0438125
0.00184974
0.0442664
0.00211909
0.0447691
0.00237775
0.0453173
0.00262223
0.00286322
0.0418387
0.000297646
-0.0417476
0.0419899
0.000538534
0.042201
0.000777469
0.0424707
0.00101294
0.0427976
0.00124349
0.0431795
0.00146789
0.0436143
0.00168426
0.0440999
0.00189216
0.0446344
0.00208776
0.00227757
0.0414409
0.000215621
-0.0413589
0.0415828
0.000396568
0.0417843
0.000576052
0.0420443
0.000752952
0.0423617
0.000926083
0.0427351
0.00109448
0.0431627
0.00125666
0.0436425
0.00141234
0.0441714
0.00155887
0.00170056
0.0411805
0.000139994
-0.0411049
0.0413163
0.000260754
0.0415118
0.000380528
0.0417662
0.000498565
0.0420782
0.000614063
0.0424463
0.000726374
0.0428685
0.000834546
0.0433425
0.000938338
0.0438652
0.00103611
0.00113038
0.0410233
6.87426e-05
-0.0409521
0.0411549
0.00012916
0.0413464
0.000189086
0.0415968
0.000248147
0.0419049
0.000305939
0.0422691
0.000362139
0.0426874
0.000416271
0.0431576
0.000468204
0.0436765
0.000517144
0.000564272
0.0409498
-0.0408811
0.041079
0.0412681
0.0415162
0.0418221
0.0421843
0.0426005
0.0430688
0.0435859
0.0470817
-0.00279176
-0.0478554
0.0471781
-0.00316489
0.0474704
-0.0028142
0.0478659
-0.00239575
0.0483092
-0.00194146
0.0487918
-0.00148332
0.0493103
-0.00101824
0.0498501
-0.000538468
0.0503899
-4.46437e-05
0.000454836
0.0463329
-0.00318735
-0.0459373
0.046255
-0.00308701
0.0461679
-0.00272709
0.0461365
-0.00236438
0.0461625
-0.00196742
0.0462221
-0.0015429
0.0463049
-0.00110101
0.046413
-0.000646641
0.0465506
-0.000182257
0.000289655
0.0454255
-0.00303895
-0.0455739
0.0451838
-0.0028453
0.0449666
-0.00250985
0.0447754
-0.00217318
0.0446256
-0.0018176
0.0445223
-0.0014396
0.0444645
-0.00104327
0.0444534
-0.000635551
0.044494
-0.000222835
0.00019114
0.0445978
-0.00271871
-0.0449181
0.0442586
-0.00250604
0.0439602
-0.00221149
0.0436987
-0.00191169
0.0434808
-0.00159971
0.0433148
-0.00127355
0.0432058
-0.000934284
0.0431555
-0.000585267
0.0431631
-0.000230481
0.000127331
0.0439444
-0.00232083
-0.0443423
0.0435627
-0.00212426
0.0432284
-0.00187727
0.0429401
-0.00162332
0.0427
-0.00135964
0.042512
-0.00108557
0.0423794
-0.000801722
0.0423041
-0.000509964
0.0422865
-0.000212873
8.72413e-05
0.0435039
-0.00188473
-0.04394
0.0430992
-0.00171954
0.0427437
-0.0015218
0.0424373
-0.00131693
0.0421818
-0.00110409
0.0419796
-0.000883423
0.0418335
-0.000655614
0.0417455
-0.000421927
0.0417167
-0.000184054
5.62977e-05
0.0432153
-0.00142685
-0.0436732
0.0427956
-0.00129985
0.0424257
-0.00115183
0.0421064
-0.000997681
0.0418397
-0.000837376
0.0416276
-0.000671304
0.0414721
-0.000500108
0.0413748
-0.000324679
0.0413369
-0.00014613
3.4351e-05
0.0430319
-0.000956286
-0.0435025
0.0426028
-0.000870743
0.0422234
-0.0007724
0.0418953
-0.000669623
0.0416206
-0.000562616
0.041401
-0.000451752
0.0412384
-0.000337519
0.0411343
-0.000220505
0.0410895
-0.000101403
1.90218e-05
0.0429248
-0.000479093
-0.043402
0.0424904
-0.000436274
0.0421053
-0.000387318
0.0417717
-0.000336033
0.0414917
-0.000282576
0.0412671
-0.000227165
0.0410996
-0.000170062
0.0409907
-0.000111564
0.0409413
-5.20094e-05
8.22421e-06
0.0428758
-0.0433549
0.0424396
0.0420522
0.0417162
0.0414336
0.0412065
0.0410364
0.0409248
0.0408728
0.0429219
0.000112298
-0.000105238
0.0428948
0.00036719
-0.000340152
0.0429129
0.000525059
-0.000543106
0.0429606
0.000739528
-0.000787264
0.0430821
0.000928062
-0.00104958
0.0432133
0.00142086
-0.00155204
0.0435752
0.00168874
-0.00205062
0.0441377
0.00223663
-0.00279916
0.0453532
0.00222933
-0.00344486
0.00203624
-0.00453844
0.0429554
8.58553e-05
0.0430495
0.00027305
0.0431846
0.000389954
0.0434134
0.000510773
0.0436896
0.000651885
0.0441463
0.00096407
0.0446289
0.00120622
0.0452934
0.00157209
0.0458162
0.00170653
0.00191512
0.0429592
5.55916e-05
0.0430588
0.000173487
0.0431958
0.000252906
0.0433837
0.000322841
0.0436032
0.000432372
0.0439107
0.000656577
0.0442337
0.000883252
0.0446479
0.00115794
0.0450708
0.0012836
0.00141197
0.0429492
3.5311e-05
0.0430112
0.000111519
0.0430996
0.000164518
0.0432146
0.000207789
0.0433582
0.000288745
0.0435634
0.000451403
0.0438171
0.00062958
0.0441498
0.000825249
0.0445115
0.000921856
0.00100543
0.0429408
2.34095e-05
0.0429782
7.41798e-05
0.043035
0.000107728
0.0431095
0.000133235
0.0432087
0.000189529
0.0433547
0.000305463
0.0435455
0.000438785
0.0437905
0.000580227
0.0440556
0.000656738
0.000718736
0.0429369
1.54754e-05
0.042962
4.90116e-05
0.043
6.97353e-05
0.0430488
8.44622e-05
0.0431154
0.00012292
0.0432162
0.000204628
0.0433532
0.000301805
0.0435307
0.000402787
0.0437265
0.000460923
0.000505216
0.0429345
9.904e-06
0.042952
3.14871e-05
0.0429777
4.40591e-05
0.0430097
5.24366e-05
0.0430548
7.78784e-05
0.0431261
0.000133314
0.0432272
0.00020073
0.0433601
0.000269842
0.0435096
0.00031142
0.000341619
0.042933
5.87868e-06
0.0429457
1.87678e-05
0.0429638
2.591e-05
0.0429859
3.03984e-05
0.0430179
4.58551e-05
0.043071
8.01968e-05
0.0431491
0.000122596
0.0432533
0.000165716
0.0433722
0.000192468
0.000211318
0.0429321
2.74025e-06
0.0429421
8.76942e-06
0.042956
1.20008e-05
0.0429724
1.39501e-05
0.042997
2.1247e-05
0.0430396
3.76689e-05
0.043104
5.81168e-05
0.0431909
7.88192e-05
0.0432915
9.18785e-05
0.000100814
0.0429317
0.0429404
0.0429524
0.0429664
0.0429876
0.0430253
0.0430834
0.0431622
0.0432541
0.00713678
-6.57046e-05
-1.32066e-09
0.00717781
-4.1031e-05
-5.85938e-09
0.00719447
-1.66527e-05
-3.3617e-09
0.00718545
9.01645e-06
2.48444e-09
0.00715238
3.30725e-05
-3.59992e-10
0.0070806
7.17979e-05
-1.6128e-08
0.00696318
0.000117439
-2.72039e-08
0.00676887
0.000194339
-2.88572e-08
0.0065088
0.000260089
-1.7936e-08
0.000369821
3.2219e-09
0.00713207
-0.000126706
0.00716835
-7.73115e-05
0.00718055
-2.88488e-05
0.0071675
2.20618e-05
0.00713057
7.00034e-05
0.00705426
0.00014811
0.00693139
0.000240311
0.00673102
0.000394706
0.00646408
0.000527029
0.0007521
0.00712267
-0.000178301
0.00714945
-0.000104098
0.00715279
-3.21886e-05
0.00713168
4.31699e-05
0.0070869
0.000114788
0.00700131
0.000233697
0.00686744
0.000374184
0.00665494
0.000607202
0.00637447
0.0008075
0.00115675
0.00710857
-0.000215803
0.00712118
-0.000116703
0.00711137
-2.23811e-05
0.00707812
7.64173e-05
0.00702124
0.000171674
0.00692131
0.000333622
0.00677089
0.00052461
0.00654054
0.000837543
0.00624084
0.0011072
0.0015911
0.00708982
-0.000234552
0.00708368
-0.000110561
0.00705654
4.76044e-06
0.00700694
0.000126014
0.00693335
0.000245266
0.0068137
0.000453267
0.00664131
0.000697002
0.00638817
0.00109068
0.00606503
0.00143034
0.00205988
0.00706643
-0.000229912
0.00703715
-8.12865e-05
0.00698856
5.3351e-05
0.00691814
0.000196434
0.0068228
0.000340609
0.0066779
0.000598173
0.00647845
0.000896448
0.00619887
0.00137026
0.00584919
0.00178002
0.00256372
0.00703847
-0.00019731
0.0069818
-2.46228e-05
0.00690756
0.000127595
0.00681145
0.000292542
0.00668888
0.000463184
0.00651321
0.000773838
0.00628245
0.00112721
0.00597415
0.00167856
0.00559915
0.00215502
0.00310823
0.00700626
-0.000132495
0.00691806
6.35698e-05
0.00681353
0.000232127
0.00668619
0.000419884
0.0065305
0.000618875
0.00631819
0.00098615
0.00605314
0.00139226
0.00571678
0.00201492
0.0053115
0.0025603
0.00366131
0.0069705
-3.19242e-05
0.00684737
0.000186698
0.00670803
0.000371471
0.00654346
0.000584453
0.00634867
0.000813662
0.00609222
0.0012426
0.00578771
0.00169677
0.00542869
0.00237395
0.00499589
0.00299309
0.00426009
0.00693391
0.00678045
0.00660882
0.00640601
0.00617009
0.00586064
0.00550679
0.00508158
0.00462982
0.00693391
3.19309e-05
0.000105231
0.00678045
-0.000186691
0.000340148
0.00660881
-0.000371504
0.000543145
0.00640601
-0.000584461
0.000787263
0.00617011
-0.000813612
0.00104951
0.00586067
-0.00124252
0.00155196
0.00550681
-0.00169672
0.00205057
0.00508158
-0.00237394
0.00279917
0.00462979
-0.00299314
0.00344493
-0.00426016
0.00453854
0.0069705
0.0001325
0.00684737
-6.3561e-05
0.00670802
-0.00023215
0.00654345
-0.000419896
0.00634868
-0.000618842
0.00609225
-0.000986085
0.00578774
-0.00139221
0.0054287
-0.0020149
0.00499589
-0.00256032
-0.00366137
0.00700626
0.000197312
0.00691806
2.46323e-05
0.00681352
-0.000127607
0.00668618
-0.000292554
0.0065305
-0.000463166
0.00631821
-0.000773789
0.00605317
-0.00112717
0.0057168
-0.00167854
0.00531151
-0.00215503
-0.00310827
0.00703847
0.000229913
0.00698181
8.12958e-05
0.00690755
-5.33552e-05
0.00681144
-0.000196443
0.00668888
-0.000340602
0.00651323
-0.000598137
0.00628247
-0.000896411
0.00597417
-0.00137023
0.00559916
-0.00178002
-0.00256374
0.00706643
0.000234553
0.00703716
0.00011057
0.00698856
-4.75965e-06
0.00691814
-0.000126019
0.0068228
-0.000245264
0.0066779
-0.00045324
0.00647846
-0.000696968
0.00619888
-0.00109065
0.00584919
-0.00143033
-0.00205989
0.00708982
0.000215804
0.00708368
0.000116712
0.00705653
2.23847e-05
0.00700693
-7.64206e-05
0.00693334
-0.000171673
0.0068137
-0.000333597
0.00664131
-0.000524575
0.00638816
-0.000837507
0.00606502
-0.00110718
-0.00159111
0.00710857
0.000178302
0.00712118
0.000104107
0.00711137
3.21939e-05
0.00707812
-4.31726e-05
0.00702123
-0.000114787
0.00692131
-0.00023367
0.00677088
-0.000374143
0.00654053
-0.000607161
0.00624082
-0.000807476
-0.00115676
0.00712266
0.000126708
0.00714945
7.73218e-05
0.00715279
2.88549e-05
0.00713168
-2.20651e-05
0.0070869
-7.00026e-05
0.00700131
-0.000148081
0.00686743
-0.000240264
0.00665492
-0.000394657
0.00637445
-0.000526999
-0.000752107
0.00713207
6.57071e-05
0.00716835
4.10423e-05
0.00718055
1.66593e-05
0.0071675
-9.02081e-06
0.00713057
-3.30717e-05
0.00705426
-7.17665e-05
0.00693138
-0.000117386
0.006731
-0.000194283
0.00646406
-0.000260055
-0.000369828
0.00713678
0.00717781
0.00719447
0.00718545
0.00715238
0.0070806
0.00696318
0.00676887
0.0065088
0.0429317
-2.73838e-06
0.0429404
-8.77961e-06
0.0429525
-1.20175e-05
0.0429664
-1.39667e-05
0.0429877
-2.1253e-05
0.0430253
-3.76642e-05
0.0430835
-5.81084e-05
0.0431623
-7.8811e-05
0.0432541
-9.18753e-05
-0.00010078
0.0433549
0.0429321
-5.88246e-06
0.0429421
-1.87655e-05
0.0429559
-2.5904e-05
0.0429724
-3.03909e-05
0.042997
-4.58486e-05
0.0430395
-8.01991e-05
0.043104
-0.000122607
0.0431909
-0.000165734
0.0432915
-0.000192494
-0.0002114
0.0434022
0.042933
-9.90574e-06
0.0429457
-3.15003e-05
0.0429639
-4.40722e-05
0.0429859
-5.24444e-05
0.0430179
-7.78729e-05
0.043071
-0.000133301
0.0431491
-0.00020072
0.0432533
-0.000269843
0.0433722
-0.000311432
-0.000341661
0.0435025
0.0429345
-1.54782e-05
0.042952
-4.90137e-05
0.0429777
-6.97413e-05
0.0430097
-8.44693e-05
0.0430548
-0.00012293
0.0431261
-0.000204639
0.0432272
-0.000301826
0.0433602
-0.000402816
0.0435097
-0.000460957
-0.000505214
0.0436733
0.0429369
-2.3414e-05
0.042962
-7.41879e-05
0.043
-0.000107734
0.0430488
-0.000133235
0.0431154
-0.000189524
0.0432162
-0.000305458
0.0433532
-0.000438789
0.0435306
-0.000580239
0.0437264
-0.000656758
-0.000718778
0.04394
0.0429408
-3.53132e-05
0.0429782
-0.000111526
0.043035
-0.000164526
0.0431095
-0.000207798
0.0432087
-0.000288749
0.0433547
-0.000451409
0.0435455
-0.00062959
0.0437905
-0.000825263
0.0440556
-0.000921866
-0.00100546
0.0443423
0.0429492
-5.55957e-05
0.0430112
-0.000173483
0.0430995
-0.000252901
0.0432146
-0.000322837
0.0433582
-0.000432375
0.0435634
-0.000656587
0.0438171
-0.000883274
0.0441498
-0.00115797
0.0445116
-0.00128364
-0.00141199
0.0449181
0.0429592
-8.58555e-05
0.0430588
-0.000273066
0.0431958
-0.000389973
0.0433838
-0.000510778
0.0436033
-0.000651876
0.0439107
-0.000964041
0.0442337
-0.0012062
0.0446478
-0.00157208
0.0450707
-0.00170654
-0.0019151
0.0455738
0.0429554
-0.000112292
0.0430495
-0.000367193
0.0431846
-0.000525087
0.0434134
-0.000739551
0.0436896
-0.000928073
0.0441464
-0.00142082
0.0446288
-0.00168867
0.0452933
-0.00223656
0.0458161
-0.00222929
-0.00203637
0.0459373
0.0429219
0.0428948
0.0429129
0.0429606
0.043082
0.0432132
0.0435751
0.0441377
0.0453533
0.0478555
0.0428758
0.000479086
0.0424396
0.00043626
0.0420523
0.000387305
0.0417163
0.00033602
0.0414337
0.000282563
0.0412065
0.000227151
0.0410365
0.000170046
0.040925
0.000111544
0.040873
5.19831e-05
-8.25665e-06
0.0408812
0.042925
0.000956255
0.0424905
0.000870726
0.0421054
0.000772382
0.0417719
0.000669605
0.0414918
0.000562601
0.0412672
0.00045174
0.0410998
0.000337508
0.0409908
0.000220493
0.0409414
0.000101388
-1.90406e-05
0.0409522
0.0430319
0.00142684
0.0426028
0.00129983
0.0422233
0.00115181
0.0418953
0.000997658
0.0416205
0.000837353
0.041401
0.000671282
0.0412384
0.000500088
0.0411342
0.000324657
0.0410895
0.000146104
-3.43811e-05
0.0411049
0.0432154
0.00188472
0.0427957
0.00171952
0.0424257
0.00152178
0.0421065
0.00131691
0.0418398
0.00110407
0.0416276
0.0008834
0.0414721
0.00065559
0.0413749
0.000421899
0.041337
0.000184022
-5.6334e-05
0.0413589
0.0435039
0.00232079
0.0430992
0.00212423
0.0427437
0.00187724
0.0424373
0.0016233
0.0421818
0.00135962
0.0419796
0.00108555
0.0418335
0.000801703
0.0417455
0.000509943
0.0417166
0.000212849
-8.72682e-05
0.0417476
0.0439444
0.00271869
0.0435626
0.00250603
0.0432284
0.00221148
0.04294
0.00191168
0.0426999
0.0015997
0.0425119
0.00127354
0.0423794
0.000934272
0.0423041
0.000585256
0.0422864
0.000230471
-0.000127343
0.0423265
0.0445979
0.00303891
0.0442586
0.00284529
0.0439602
0.00250984
0.0436987
0.00217318
0.0434808
0.00181759
0.0433148
0.00143959
0.0432058
0.00104325
0.0431555
0.000635535
0.0431632
0.000222826
-0.000191145
0.043227
0.0454255
0.00318724
0.0451838
0.00308698
0.0449665
0.00272708
0.0447753
0.00236438
0.0446255
0.00196742
0.0445222
0.00154289
0.0444645
0.00110099
0.0444534
0.000646621
0.044494
0.000182237
-0.000289675
0.0445925
0.0463329
0.00279165
0.0462551
0.00316486
0.046168
0.00281418
0.0461366
0.00239573
0.0461626
0.00194144
0.0462222
0.0014833
0.0463049
0.00101822
0.0464131
0.000538446
0.0465507
4.46321e-05
-0.000454833
0.0467159
0.0470816
0.0471781
0.0474703
0.0478658
0.0483091
0.0487918
0.0493102
0.04985
0.0503897
0.0509083
0.04095
-6.87788e-05
0.0410792
-0.000129195
0.0412683
-0.000189117
0.0415165
-0.00024817
0.0418224
-0.000305953
0.0421846
-0.000362145
0.0426009
-0.000416271
0.0430691
-0.000468201
0.0435862
-0.00051714
-0.000564265
0.0441505
0.0410234
-0.000140014
0.041155
-0.000260773
0.0413464
-0.000380543
0.0415968
-0.000498575
0.041905
-0.000614069
0.0422692
-0.000726376
0.0426875
-0.000834545
0.0431576
-0.000938336
0.0436766
-0.00103611
-0.00113038
0.0442427
0.0411805
-0.000215653
0.0413163
-0.000396598
0.0415119
-0.000576079
0.0417663
-0.000752973
0.0420783
-0.000926097
0.0424464
-0.00109449
0.0428685
-0.00125667
0.0433425
-0.00141234
0.0438653
-0.00155887
-0.00170056
0.0444355
0.041441
-0.000297684
0.0415829
-0.000538567
0.0417844
-0.000777494
0.0420443
-0.00101295
0.0423617
-0.0012435
0.0427351
-0.00146789
0.0431627
-0.00168426
0.0436425
-0.00189216
0.0441714
-0.00208775
-0.00227756
0.0447484
0.0418386
-0.000388759
0.0419899
-0.000689815
0.042201
-0.00098856
0.0424707
-0.00128267
0.0427976
-0.00157041
0.0431794
-0.00184973
0.0436142
-0.00211908
0.0440998
-0.00237775
0.0446343
-0.00262223
-0.00286322
0.04522
0.0424249
-0.000487164
0.0425822
-0.000847141
0.0427996
-0.00120591
0.0430769
-0.00156002
0.0434154
-0.00190883
0.0438123
-0.00224669
0.0442663
-0.00257303
0.044769
-0.00288042
0.0453172
-0.00317048
-0.00344946
0.0459034
0.043346
-0.000606234
0.0435177
-0.00101883
0.0437407
-0.00142886
0.0440104
-0.00182969
0.0443305
-0.00222898
0.0446997
-0.00261585
0.045133
-0.00300641
0.0456247
-0.00337207
0.0461829
-0.00372869
-0.00402731
0.0467608
0.0447573
-0.000770996
0.04499
-0.00125155
0.0452921
-0.00173094
0.0456488
-0.00218642
0.0460541
-0.00263433
0.046471
-0.00303272
0.0468986
-0.00343401
0.0472912
-0.0037647
0.0477123
-0.00414976
-0.00456684
0.0482518
0.0469092
-0.000964357
0.04713
-0.00147234
0.0473918
-0.00199267
0.0477008
-0.00249541
0.0480932
-0.00302682
0.0485643
-0.00350378
0.0491681
-0.00403778
0.0498108
-0.00440748
0.0505248
-0.00486371
-0.00469659
0.0506546
0.0513787
0.051783
0.0520932
0.0523043
0.0523694
0.0523
0.0520083
0.0515709
0.0508865
0.0504106
0.0441001
5.0347e-05
0.0438184
0.000281761
0.0435284
0.00028997
0.0433119
0.000216514
0.0431661
0.000145783
0.0430724
9.36555e-05
0.0430146
5.78517e-05
0.0429803
3.43061e-05
0.04296
2.02946e-05
7.76616e-06
0.0441445
0.00014852
0.0438206
0.000605705
0.0435163
0.000594278
0.043299
0.000433805
0.0431557
0.000289079
0.043065
0.000184376
0.0430096
0.000113206
0.0429771
6.68407e-05
0.0429579
3.94305e-05
1.50722e-05
0.0442313
0.000352705
0.0438202
0.0010168
0.0434894
0.000925117
0.043272
0.000651206
0.0431343
0.000426709
0.0430498
0.000268849
0.0429997
0.000163401
0.0429707
9.57853e-05
0.0429539
5.62282e-05
2.1445e-05
0.0443539
0.00074719
0.043808
0.00156278
0.0434439
0.00128914
0.0432295
0.000865601
0.0431017
0.000554506
0.0430273
0.000343269
0.0429851
0.000205648
0.0429615
0.000119359
0.0429481
6.95926e-05
2.64587e-05
0.0444967
0.00147044
0.043769
0.00229051
0.0433744
0.0016837
0.0431696
0.00107047
0.0430574
0.000666631
0.0429977
0.000403022
0.0429664
0.000236978
0.0429499
0.000135834
0.0429409
7.85293e-05
2.97432e-05
0.0446265
0.00274734
0.0436841
0.00323297
0.0432741
0.00209366
0.0430892
0.00125544
0.043001
0.000754787
0.0429615
0.000442485
0.0429442
0.000254303
0.0429364
0.000143616
0.0429328
8.22097e-05
3.10092e-05
0.0446569
0.00485117
0.0435327
0.00435721
0.0431352
0.00249117
0.0429849
0.00140575
0.0429325
0.000807134
0.04292
0.000455005
0.0429197
0.000254616
0.0429219
0.000141386
0.0429241
8.00523e-05
3.00795e-05
0.0445545
0.0085485
0.0432879
0.00562379
0.0429445
0.00283461
0.0428529
0.0014973
0.0428533
0.000806809
0.042875
0.000433308
0.0428942
0.000235363
0.0429073
0.000128292
0.0429155
7.18234e-05
2.69255e-05
0.0443742
0.0148288
0.0429264
0.00707163
0.0426764
0.00308454
0.0426891
0.00148465
0.0427661
0.000729845
0.0428292
0.000370192
0.0428696
0.000194939
0.0428937
0.000104197
0.0429078
5.7753e-05
2.16946e-05
0.0431811
0.0220584
0.0424431
0.00780962
0.0423306
0.00319703
0.0425049
0.00131037
0.0426777
0.000557012
0.0427861
0.000261798
0.0428477
0.000133319
0.0428821
6.97912e-05
0.0429014
3.85395e-05
1.47564e-05
0.00487068
0.0217113
0.00548917
0.00719113
0.00591465
0.00277155
0.00617555
0.00104947
0.00636286
0.000369699
0.00651988
0.000104779
0.00666375
-1.05505e-05
0.0068012
-6.76614e-05
0.00693551
-9.57716e-05
-0.000117177
0.00505944
0.0212724
0.00578784
0.00646273
0.00618898
0.0023704
0.00641455
0.000823898
0.00656263
0.000221625
0.00667976
-1.2351e-05
0.00678369
-0.00011448
0.00688116
-0.000165131
0.00697547
-0.000190084
-0.0002091
0.00534937
0.0204864
0.00607685
0.00573525
0.00644487
0.00200238
0.00663268
0.000636086
0.0067439
0.000110404
0.00682466
-9.31078e-05
0.00689232
-0.000182143
0.00695356
-0.000226364
0.00701164
-0.000248173
-0.0002648
0.00558993
0.0192428
0.00633355
0.00499162
0.00667271
0.00166323
0.00682679
0.000482005
0.00690512
3.20693e-05
0.00695349
-0.000141482
0.0069889
-0.000217547
0.00701791
-0.000255378
0.0070438
-0.000274059
-0.000288298
0.00577506
0.0174618
0.00655429
0.00421239
0.00687016
0.00134736
0.00699536
0.000356808
0.00704518
-1.77498e-05
0.00706543
-0.000161731
0.00707281
-0.000224927
0.00707383
-0.000256402
0.00707174
-0.000271966
-0.000283818
0.00592758
0.0150765
0.00674075
0.00339923
0.00703663
0.00105147
0.0071375
0.000255937
0.00716326
-4.3503e-05
0.00715979
-0.000158261
0.00714354
-0.000208679
0.00712097
-0.000233831
0.00709529
-0.000246287
-0.000255753
0.00605428
0.0120596
0.00689211
0.0025614
0.00717109
0.000772493
0.00725233
0.0001747
0.00725862
-4.97974e-05
0.00723599
-0.000135626
0.00720066
-0.000173349
0.00715903
-0.000192206
0.00711431
-0.000201564
-0.000208643
0.00615565
0.00844723
0.0070071
0.00170995
0.00727262
0.000506972
0.00733908
0.000108243
0.00733067
-4.13881e-05
0.00729355
-9.85097e-05
0.00724381
-0.000123602
0.00718778
-0.000136185
0.00712867
-0.000142452
-0.000147146
0.00622949
0.00435824
0.0070847
0.000854742
0.00734063
0.000251041
0.00739721
5.1659e-05
0.00737895
-2.31258e-05
0.00733213
-5.16874e-05
0.00727272
-6.41936e-05
0.00720705
-7.05193e-05
0.0071383
-7.36995e-05
-7.60077e-05
0.00626951
0.00712388
0.00737473
0.00742637
0.00740317
0.00735148
0.00728722
0.00721672
0.00714313
)
;

boundaryField
{
    inlet
    {
        type            calculated;
        value           nonuniform List<scalar> 
40
(
-0.0429289
-0.0429289
-0.0429289
-0.0429289
-0.0429289
-0.0429289
-0.0429289
-0.0429289
-0.0429289
-0.0429289
-0.00707107
-0.00707107
-0.00707107
-0.00707107
-0.00707107
-0.00707107
-0.00707107
-0.00707107
-0.00707107
-0.00707107
-0.00707107
-0.00707107
-0.00707107
-0.00707107
-0.00707107
-0.00707107
-0.00707107
-0.00707107
-0.00707107
-0.00707107
-0.0429289
-0.0429289
-0.0429289
-0.0429289
-0.0429289
-0.0429289
-0.0429289
-0.0429289
-0.0429289
-0.0429289
)
;
    }
    outlet
    {
        type            calculated;
        value           nonuniform List<scalar> 
40
(
0.0429082
0.0429129
0.0429186
0.0429249
0.0429314
0.0429376
0.0429431
0.0429475
0.0429506
0.0429522
0.00706716
0.00706716
0.00706718
0.0070672
0.00706723
0.00706726
0.0070673
0.00706734
0.00706739
0.00706744
0.00706745
0.00706739
0.00706734
0.0070673
0.00706726
0.00706722
0.0070672
0.00706718
0.00706716
0.00706716
0.0429522
0.0429506
0.0429475
0.0429431
0.0429377
0.0429315
0.042925
0.0429187
0.042913
0.0429083
)
;
    }
    cylinder
    {
        type            calculated;
        value           uniform 0;
    }
    top
    {
        type            symmetryPlane;
        value           uniform 0;
    }
    bottom
    {
        type            symmetryPlane;
        value           uniform 0;
    }
    defaultFaces
    {
        type            empty;
        value           nonuniform 0();
    }
}


// ************************************************************************* //
