/*--------------------------------*- C++ -*----------------------------------*\
  =========                 |
  \\      /  F ield         | OpenFOAM: The Open Source CFD Toolbox
   \\    /   O peration     | Website:  https://openfoam.org
    \\  /    A nd           | Version:  6.0
     \\/     M anipulation  |
\*---------------------------------------------------------------------------*/
FoamFile
{
    version     2.0;
    format      ascii;
    class       volVectorField;
    location    "1";
    object      U;
}
// * * * * * * * * * * * * * * * * * * * * * * * * * * * * * * * * * * * * * //

dimensions      [0 1 -1 0 0 0 0];

internalField   nonuniform List<vector> 
2000
(
(-0.0281865 0.0209911 5.03098e-20)
(-0.0861183 0.0273326 4.94338e-20)
(-0.138099 0.0179258 -4.35405e-20)
(-0.15756 0.00232239 -7.82933e-20)
(-0.143717 -0.0149461 -4.52535e-20)
(-0.102375 -0.0312383 5.08862e-20)
(-0.0403401 -0.0449529 1.82673e-20)
(0.0353409 -0.0553228 -9.88679e-21)
(0.119235 -0.0621647 -1.32432e-20)
(0.208468 -0.0653441 5.78078e-21)
(-0.0316312 0.0605522 -1.295e-19)
(-0.0859545 0.0792 1.47379e-19)
(-0.129123 0.0518171 7.16396e-21)
(-0.138514 0.00604946 -6.54304e-20)
(-0.114786 -0.0446883 2.96707e-19)
(-0.0646827 -0.0924722 -1.11761e-19)
(0.00425856 -0.132493 -8.98429e-20)
(0.0845576 -0.162487 9.25808e-20)
(0.170439 -0.182041 -5.35836e-20)
(0.260877 -0.191085 2.75583e-20)
(-0.0378391 0.0933379 2.16266e-20)
(-0.0855944 0.122968 1.21932e-20)
(-0.112266 0.0797892 4.36817e-19)
(-0.102584 0.00673669 1.42458e-19)
(-0.0601303 -0.0744394 3.12727e-20)
(0.00638236 -0.150581 1.66427e-19)
(0.0879594 -0.213702 -2.73031e-19)
(0.176398 -0.260171 9.91178e-22)
(0.26534 -0.289685 -1.13476e-19)
(0.357142 -0.303071 5.99668e-20)
(-0.0456131 0.116341 -4.44403e-20)
(-0.08479 0.154432 2.23584e-19)
(-0.0890973 0.0983373 -5.81673e-19)
(-0.0530683 0.00224557 -5.7579e-20)
(0.015266 -0.104687 -3.48155e-19)
(0.104039 -0.204285 3.30901e-19)
(0.202059 -0.285594 -3.11105e-19)
(0.300316 -0.343892 1.85237e-19)
(0.391985 -0.379386 6.21822e-20)
(0.483602 -0.394742 -2.59541e-20)
(-0.0535197 0.128367 -5.54252e-19)
(-0.0828345 0.171004 1.02765e-20)
(-0.060752 0.104741 7.88873e-19)
(0.00707412 -0.00943591 2.11535e-19)
(0.106582 -0.136213 -6.34305e-19)
(0.221379 -0.252916 3.85771e-19)
(0.337399 -0.346171 3.27875e-19)
(0.444987 -0.410735 -2.65125e-19)
(0.537594 -0.447689 1.66024e-19)
(0.625812 -0.462301 3.24461e-20)
(-0.0601915 0.130001 7.37327e-20)
(-0.0784125 0.171994 1.47645e-20)
(-0.0271588 0.0975007 -1.07269e-18)
(0.0764294 -0.0297037 -5.62066e-19)
(0.210546 -0.16961 6.2497e-19)
(0.35279 -0.296006 -6.7297e-19)
(0.485891 -0.394109 6.76343e-19)
(0.600093 -0.45908 -7.40984e-20)
(0.690571 -0.493134 -1.64734e-19)
(0.77111 -0.50471 -2.91061e-19)
(-0.0645392 0.123122 -1.8471e-19)
(-0.0696136 0.158529 -2.78087e-19)
(0.0132966 0.0767218 -3.39871e-19)
(0.155571 -0.0586634 6.32974e-19)
(0.325675 -0.204528 1.12087e-18)
(0.493983 -0.332683 -2.3084e-19)
(0.640503 -0.428434 -4.24807e-19)
(0.756573 -0.488489 1.29783e-19)
(0.840964 -0.516194 -6.36628e-19)
(0.909291 -0.523643 5.00036e-19)
(-0.0657999 0.110184 1.13573e-18)
(-0.0540829 0.133159 -5.21249e-19)
(0.0635709 0.0443002 9.48329e-19)
(0.246567 -0.0944955 -1.48548e-18)
(0.4514 -0.238919 -6.70434e-19)
(0.640982 -0.361035 -8.52174e-19)
(0.794414 -0.44806 2.54936e-19)
(0.906124 -0.499238 -5.28022e-19)
(0.980247 -0.518744 1.11856e-18)
(1.0325 -0.522709 1.89288e-19)
(-0.0634277 0.0935392 8.67349e-20)
(-0.0292384 0.0992546 8.36695e-19)
(0.127302 0.00381963 1.62607e-18)
(0.351778 -0.133244 4.75346e-19)
(0.586739 -0.268842 1.32515e-18)
(0.789254 -0.377984 6.55755e-20)
(0.940635 -0.451481 2.66828e-20)
(1.04087 -0.491496 4.31852e-19)
(1.10062 -0.502735 2.83639e-19)
(1.13427 -0.505773 -6.92972e-19)
(-0.0569139 0.075017 -6.83759e-19)
(0.00748451 0.0604371 -9.64373e-19)
(0.207835 -0.0398806 -1.34747e-18)
(0.472386 -0.169398 2.52937e-20)
(0.729357 -0.289373 -6.14734e-19)
(0.934003 -0.380255 8.85987e-19)
(1.07353 -0.437362 -2.23366e-18)
(1.15515 -0.465337 9.51072e-19)
(1.19553 -0.469639 2.90219e-19)
(1.20792 -0.475523 6.30146e-19)
(-0.0456434 0.0558364 3.5036e-19)
(0.0583588 0.0202285 -1.11774e-18)
(0.307103 -0.0813449 9.49733e-19)
(0.60707 -0.197141 -3.51432e-19)
(0.875061 -0.296268 3.69165e-19)
(1.07069 -0.366026 6.9491e-19)
(1.19058 -0.405904 -8.94631e-19)
(1.24935 -0.422071 7.89855e-20)
(1.26599 -0.421851 -3.42451e-19)
(1.24877 -0.432006 2.71575e-19)
(-0.0288485 0.0367844 5.01944e-19)
(0.125049 -0.0179803 -1.03415e-18)
(0.42466 -0.115144 1.34692e-18)
(0.751457 -0.211617 -7.87238e-19)
(1.01785 -0.287198 -2.68745e-19)
(1.19459 -0.335894 1.5063e-19)
(1.29015 -0.360032 1.07202e-19)
(1.32654 -0.36576 8.09098e-19)
(1.32534 -0.359785 2.06566e-19)
(1.30188 -0.356325 4.86669e-19)
(-0.00566401 0.0185084 -4.54825e-19)
(0.208226 -0.0507706 1.34481e-18)
(0.557246 -0.136483 -1.08354e-18)
(0.898802 -0.209719 -1.18607e-18)
(1.15113 -0.261885 1.56858e-18)
(1.30152 -0.2921 -1.02826e-18)
(1.37054 -0.304025 2.66326e-19)
(1.38578 -0.30319 -1.17429e-18)
(1.3702 -0.294871 8.24566e-19)
(1.33823 -0.288776 1.19133e-20)
(0.0247429 0.00178162 -6.018e-19)
(0.307117 -0.0746264 -4.85454e-19)
(0.699093 -0.141812 -9.97521e-19)
(1.04151 -0.190396 1.14627e-18)
(1.26935 -0.221736 -3.59671e-20)
(1.38914 -0.237566 5.99668e-19)
(1.43216 -0.241293 9.15125e-19)
(1.42938 -0.23694 -2.73297e-19)
(1.40318 -0.228118 -6.95679e-19)
(1.36738 -0.220571 1.05744e-18)
(0.0629915 -0.01233 -3.15514e-19)
(0.419133 -0.0861404 -3.2029e-19)
(0.84295 -0.129227 5.49477e-19)
(1.17272 -0.154392 -9.31765e-19)
(1.36882 -0.169169 1.71009e-19)
(1.45694 -0.175316 1.23686e-19)
(1.47637 -0.174863 2.20497e-20)
(1.45901 -0.170163 -4.47527e-20)
(1.42539 -0.163199 -1.22414e-19)
(1.38721 -0.156703 -9.05102e-19)
(0.10927 -0.0224269 1.29907e-18)
(0.53985 -0.0824995 -7.67149e-19)
(0.981442 -0.0985266 3.2018e-21)
(1.28732 -0.103683 -1.01708e-18)
(1.44799 -0.106912 -2.9719e-19)
(1.50596 -0.107861 2.99004e-19)
(1.50543 -0.10651 1.66521e-19)
(1.47723 -0.103466 -5.96232e-19)
(1.43902 -0.0991174 3.99881e-19)
(1.40006 -0.0947189 -4.11686e-19)
(0.163113 -0.0268632 5.68136e-19)
(0.663497 -0.0620145 -4.37235e-19)
(1.10818 -0.0509485 1.65841e-18)
(1.3822 -0.0409221 1.45399e-19)
(1.5069 -0.037654 3.27174e-19)
(1.53801 -0.0372905 1.2422e-18)
(1.52163 -0.0375789 -2.04695e-19)
(1.4859 -0.0376314 1.09609e-19)
(1.44524 -0.0366748 2.37146e-20)
(1.40655 -0.0351932 -5.80499e-20)
(0.223235 -0.0239463 4.04475e-19)
(0.783815 -0.0244223 8.17139e-19)
(1.21832 0.0112189 -8.02657e-19)
(1.45595 0.0309627 -2.27346e-19)
(1.54661 0.0361195 -2.54038e-19)
(1.55513 0.0347168 3.81066e-19)
(1.52695 0.0310716 -1.70715e-19)
(1.48657 0.0272206 4.29416e-19)
(1.44512 0.0247011 1.20748e-19)
(1.40743 0.0229183 -1.62483e-19)
(0.287491 -0.0122119 -4.40034e-19)
(0.894922 0.029137 3.29796e-19)
(1.30857 0.0849998 -6.50391e-19)
(1.5084 0.108985 2.51191e-19)
(1.56861 0.112117 -2.36634e-19)
(1.55922 0.106643 -2.59757e-19)
(1.52294 0.0985146 -1.81821e-19)
(1.48017 0.0904691 1.91522e-19)
(1.43907 0.0843295 -3.27437e-19)
(1.40289 0.0789604 1.61879e-19)
(0.352995 0.00928398 -1.58875e-19)
(0.991878 0.0963753 -2.61489e-19)
(1.37705 0.167036 1.17949e-19)
(1.54016 0.190239 1.03535e-20)
(1.57454 0.188254 7.79573e-20)
(1.55187 0.177117 9.19331e-20)
(1.51072 0.163859 7.38366e-20)
(1.46734 0.151496 -9.61597e-20)
(1.42738 0.141766 7.43826e-20)
(1.39305 0.132659 -9.15908e-20)
(0.416388 0.0407305 -9.68738e-20)
(1.07093 0.174193 -3.321e-20)
(1.42296 0.253833 1.02566e-19)
(1.55233 0.271997 -4.74253e-20)
(1.56599 0.26264 9.93975e-20)
(1.53438 0.24484 -1.19774e-19)
(1.49108 0.226102 2.83636e-20)
(1.44847 0.209347 2.61249e-20)
(1.41021 0.195945 -8.92335e-21)
(1.37798 0.182857 2.94006e-20)
(0.474194 0.0814415 -1.10274e-19)
(1.12953 0.259011 -3.91982e-19)
(1.44644 0.341972 -2.2249e-20)
(1.54627 0.351775 5.42509e-21)
(1.54437 0.333601 -3.54709e-19)
(1.50772 0.308637 4.38017e-20)
(1.46457 0.284306 -3.56052e-20)
(1.42383 0.263171 -7.95403e-20)
(1.38777 0.246046 1.58168e-19)
(1.35799 0.228846 -2.27209e-19)
(0.52318 0.129871 -5.91843e-20)
(1.16627 0.347042 8.26947e-19)
(1.44827 0.42824 8.89254e-20)
(1.52351 0.427359 -5.84849e-19)
(1.51099 0.399654 -5.98033e-20)
(1.47267 0.367441 -4.51241e-19)
(1.43155 0.337597 3.11163e-19)
(1.39363 0.312142 -1.07897e-19)
(1.36024 0.291229 1.91377e-19)
(1.3333 0.269846 -1.16517e-19)
(0.56068 0.183754 -3.487e-19)
(1.18081 0.434509 2.85753e-19)
(1.42981 0.509706 -1.67721e-19)
(1.4857 0.496794 1.14644e-18)
(1.46707 0.459488 4.94e-19)
(1.42993 0.420311 -1.07708e-19)
(1.39239 0.385258 3.63241e-19)
(1.35813 0.355705 -2.23114e-19)
(1.32794 0.331118 -6.0148e-20)
(1.3043 0.305809 3.41825e-19)
(0.584795 0.240316 -6.23443e-19)
(1.17365 0.517772 6.87791e-19)
(1.39284 0.583723 -1.13293e-18)
(1.43461 0.558334 1.60387e-19)
(1.41388 0.511903 2.88901e-19)
(1.38029 0.466366 -4.00093e-19)
(1.34763 0.426623 -4.96824e-19)
(1.31781 0.393365 2.30873e-19)
(1.29142 0.365429 -2.71779e-19)
(1.27151 0.33676 3.08347e-19)
(0.594481 0.296502 -1.56368e-19)
(1.14606 0.593412 -6.91141e-19)
(1.33942 0.647902 3.37824e-19)
(1.3721 0.61037 5.28687e-19)
(1.35278 0.555742 -2.83521e-19)
(1.32474 0.504735 -2.05721e-19)
(1.29811 0.461039 -2.00189e-19)
(1.27354 0.424641 -8.39017e-20)
(1.25167 0.393882 -6.23989e-21)
(1.23609 0.362695 2.28289e-19)
(0.589546 0.349197 1.90371e-19)
(1.09993 0.658315 -7.63889e-19)
(1.27185 0.700098 1.0351e-18)
(1.30006 0.651364 -5.54266e-19)
(1.28517 0.589769 1.98188e-19)
(1.26437 0.534388 -2.4093e-19)
(1.24489 0.487657 2.45331e-19)
(1.22659 0.448796 1.44721e-19)
(1.2103 0.415799 2.21204e-19)
(1.19987 0.383034 -3.01256e-19)
(0.570599 0.395452 -5.71609e-19)
(1.03761 0.709795 8.52449e-19)
(1.19253 0.73849 -2.91925e-20)
(1.22029 0.67989 -2.09805e-19)
(1.21226 0.612615 -1.94161e-19)
(1.20006 0.553906 4.96528e-20)
(1.18885 0.50504 -2.25645e-19)
(1.17826 0.464443 1.06742e-19)
(1.16923 0.429955 -1.42058e-19)
(1.16501 0.396915 -2.91083e-20)
(0.538984 0.432697 7.49802e-19)
(0.961867 0.745751 -2.34661e-19)
(1.10397 0.761777 -1.97905e-19)
(1.13456 0.694953 4.90564e-19)
(1.13503 0.623157 -3.48748e-19)
(1.13217 0.561668 1.11282e-19)
(1.12999 0.510802 2.61196e-20)
(1.12864 0.468443 -1.56861e-20)
(1.12877 0.433059 -3.01813e-20)
(1.13122 0.402095 -7.43334e-21)
(0.496666 0.458874 -5.68377e-19)
(0.875857 0.764709 3.1542e-19)
(1.00888 0.769275 -2.07345e-19)
(1.04475 0.696376 9.47162e-20)
(1.05455 0.621482 -3.48748e-20)
(1.0609 0.55758 6.09044e-20)
(1.06752 0.503801 -2.13858e-20)
(1.07571 0.457339 3.98196e-21)
(1.08508 0.418303 3.24193e-20)
(1.09161 0.390574 1.16807e-19)
(0.446082 0.472472 -2.14548e-19)
(0.783011 0.76572 1.11694e-19)
(0.910188 0.76066 8.21726e-20)
(0.953161 0.68444 -2.48889e-20)
(0.97262 0.608872 2.52359e-19)
(0.987553 0.544566 1.6607e-19)
(1.00168 0.489183 -3.65985e-19)
(1.01749 0.437963 5.86261e-19)
(1.0333 0.388064 -1.28564e-19)
(1.03384 0.346264 2.43075e-19)
(0.389939 0.47252 5.12173e-20)
(0.686876 0.748291 -1.19297e-19)
(0.810969 0.735667 1.57881e-19)
(0.862441 0.658844 -1.93071e-19)
(0.892043 0.585148 -6.75194e-19)
(0.915631 0.523616 -2.88075e-19)
(0.936505 0.472042 -2.24029e-19)
(0.956409 0.427333 1.26796e-19)
(0.971231 0.389348 9.48928e-19)
(0.968861 0.361906 -1.64256e-19)
(0.331046 0.458621 8.79088e-20)
(0.590922 0.712521 -3.36758e-19)
(0.714103 0.694499 7.78692e-20)
(0.774966 0.619371 -5.37063e-19)
(0.815227 0.548635 1.10847e-18)
(0.848405 0.489412 -1.36568e-19)
(0.877338 0.439022 5.84492e-19)
(0.903091 0.39451 -7.82206e-19)
(0.921976 0.356647 2.47288e-19)
(0.925468 0.331683 3.54145e-20)
(0.272215 0.430935 5.05485e-20)
(0.498527 0.659093 3.68995e-19)
(0.622319 0.638071 -1.25063e-18)
(0.692557 0.567541 5.58973e-19)
(0.742602 0.502562 1.08231e-20)
(0.784117 0.448925 -1.80286e-19)
(0.819951 0.404096 2.30952e-19)
(0.851264 0.365261 -2.0758e-19)
(0.875214 0.332042 -6.82937e-19)
(0.885628 0.307925 -1.73627e-19)
(0.216144 0.390088 2.66042e-19)
(0.412935 0.58902 2.82902e-19)
(0.538552 0.566989 1.11041e-18)
(0.618175 0.502959 -5.9789e-19)
(0.677706 0.444653 1.17172e-18)
(0.727159 0.39655 -2.38676e-19)
(0.769415 0.356392 -2.34279e-19)
(0.806042 0.322039 2.70539e-19)
(0.835191 0.293271 1.72279e-19)
(0.852221 0.272357 5.35432e-19)
(0.165257 0.337225 -3.25541e-19)
(0.336846 0.504042 8.60809e-20)
(0.464747 0.483096 2.82001e-20)
(0.552876 0.427862 6.33873e-19)
(0.620816 0.378207 -1.49486e-18)
(0.677349 0.337499 2.48945e-19)
(0.725389 0.30366 5.0018e-19)
(0.766771 0.274747 -5.81408e-19)
(0.800576 0.250268 1.9822e-19)
(0.823736 0.231713 -7.96916e-19)
(0.121763 0.273897 7.24636e-20)
(0.272866 0.406162 3.34439e-19)
(0.4032 0.387941 1.2718e-19)
(0.498665 0.343061 1.58115e-19)
(0.573682 0.303024 2.79735e-19)
(0.636141 0.270301 7.75436e-19)
(0.689058 0.243233 -9.03389e-19)
(0.734508 0.220274 -4.80918e-19)
(0.772376 0.200819 7.66476e-20)
(0.800866 0.18567 5.26185e-19)
(0.087471 0.202018 -4.425e-19)
(0.22301 0.297852 -4.22386e-20)
(0.355521 0.283801 -3.50111e-19)
(0.456815 0.250744 4.75838e-20)
(0.537378 0.221438 -2.6467e-19)
(0.604446 0.197538 -2.86898e-19)
(0.661122 0.177806 -4.04571e-19)
(0.709712 0.161101 1.0363e-18)
(0.750813 0.146888 1.68942e-19)
(0.783625 0.135598 -2.26347e-19)
(0.0637983 0.123806 2.39943e-19)
(0.188866 0.181849 2.72072e-19)
(0.322992 0.172989 9.87232e-20)
(0.428321 0.152739 -5.08736e-19)
(0.512691 0.134857 -2.21934e-19)
(0.582921 0.120301 -4.612e-20)
(0.642173 0.108309 8.39314e-20)
(0.692918 0.0981771 6.50489e-20)
(0.73628 0.0895336 -4.71353e-19)
(0.772126 0.0825779 2.36578e-19)
(0.0517163 0.0417057 -1.27024e-19)
(0.171522 0.0611431 -1.21874e-19)
(0.306507 0.0581178 9.16096e-20)
(0.4139 0.0512989 7.60872e-20)
(0.500206 0.0452891 7.37073e-20)
(0.572041 0.0404008 1.05273e-19)
(0.6326 0.0363772 -6.42283e-21)
(0.684445 0.0329813 -1.2547e-19)
(0.728975 0.0300812 1.13038e-19)
(0.766389 0.0277342 -1.47957e-19)
(0.0517163 -0.0417067 -1.28468e-19)
(0.171522 -0.0611466 -1.16809e-19)
(0.306507 -0.0581228 1.01039e-19)
(0.413899 -0.051304 1.84308e-19)
(0.500205 -0.0452939 1.14258e-19)
(0.572041 -0.0404058 -1.43197e-19)
(0.6326 -0.0363823 -7.2442e-20)
(0.684444 -0.0329863 3.15919e-20)
(0.728975 -0.0300856 6.60715e-20)
(0.766389 -0.0277374 -3.40838e-20)
(0.0637983 -0.123807 3.04353e-19)
(0.188866 -0.181852 -3.2357e-19)
(0.322992 -0.172994 -2.5926e-20)
(0.42832 -0.152744 1.59265e-19)
(0.51269 -0.134862 -6.73762e-19)
(0.58292 -0.120306 2.71739e-19)
(0.642172 -0.108314 2.63798e-19)
(0.692917 -0.0981819 -2.98571e-19)
(0.736278 -0.0895378 2.72864e-19)
(0.772124 -0.0825809 -1.06002e-19)
(0.0874709 -0.202018 -5.09235e-20)
(0.22301 -0.297855 -3.54606e-22)
(0.355521 -0.283805 -8.14559e-19)
(0.456815 -0.250749 -2.37494e-19)
(0.537377 -0.221442 -1.67329e-20)
(0.604444 -0.197543 -3.51094e-19)
(0.66112 -0.177811 6.23627e-19)
(0.70971 -0.161106 -2.40586e-20)
(0.750811 -0.146892 3.28602e-19)
(0.783622 -0.135601 -2.47575e-19)
(0.121763 -0.273897 8.42565e-20)
(0.272866 -0.406165 -3.28829e-19)
(0.4032 -0.387945 9.71236e-19)
(0.498664 -0.343065 1.32992e-19)
(0.573681 -0.303028 5.96739e-19)
(0.63614 -0.270305 -5.45759e-19)
(0.689056 -0.243237 5.472e-19)
(0.734506 -0.220278 -3.82759e-19)
(0.772373 -0.200822 -1.64337e-19)
(0.800864 -0.185673 1.17179e-19)
(0.165257 -0.337225 7.01459e-19)
(0.336846 -0.504045 1.92565e-20)
(0.464747 -0.4831 -9.77908e-19)
(0.552875 -0.427866 -2.67096e-19)
(0.620815 -0.378211 8.53632e-19)
(0.677348 -0.337502 -4.69966e-19)
(0.725388 -0.303664 -5.16787e-19)
(0.766769 -0.274751 4.5052e-19)
(0.800574 -0.250271 -2.91611e-19)
(0.823734 -0.231716 -5.53414e-20)
(0.216143 -0.390087 -1.08699e-19)
(0.412935 -0.589022 -5.90607e-21)
(0.538552 -0.566992 9.9297e-19)
(0.618175 -0.502962 5.54125e-19)
(0.677705 -0.444656 -6.18606e-19)
(0.727158 -0.396553 7.23541e-19)
(0.769414 -0.356396 -7.30091e-19)
(0.806041 -0.322043 7.53425e-20)
(0.83519 -0.293275 2.06119e-19)
(0.852221 -0.27236 4.04932e-19)
(0.272214 -0.430934 7.62431e-20)
(0.498526 -0.659094 1.04059e-19)
(0.622319 -0.638074 1.19159e-19)
(0.692556 -0.567544 -4.74352e-19)
(0.742601 -0.502565 -8.08113e-19)
(0.784116 -0.448928 1.65945e-19)
(0.81995 -0.4041 4.76439e-19)
(0.851263 -0.365265 -1.29312e-19)
(0.875214 -0.332046 7.33502e-19)
(0.885629 -0.307929 -6.28053e-19)
(0.331044 -0.45862 -3.86868e-19)
(0.590921 -0.712521 5.60541e-20)
(0.714102 -0.694501 -4.41195e-19)
(0.774965 -0.619374 7.02935e-19)
(0.815225 -0.548638 3.54353e-19)
(0.848404 -0.489414 4.75383e-19)
(0.877337 -0.439025 -9.32706e-20)
(0.903091 -0.394515 4.12779e-19)
(0.921976 -0.356651 -8.3782e-19)
(0.925469 -0.331688 -1.94577e-19)
(0.389937 -0.472518 1.30251e-19)
(0.686874 -0.748291 -1.29065e-19)
(0.810968 -0.735669 -2.36545e-19)
(0.86244 -0.658846 -1.89143e-19)
(0.892041 -0.58515 -4.73127e-19)
(0.915629 -0.523619 -6.1559e-20)
(0.936504 -0.472045 5.81619e-20)
(0.956409 -0.427337 -1.57302e-19)
(0.971231 -0.389353 -1.99364e-19)
(0.968862 -0.361911 4.38862e-19)
(0.44608 -0.47247 -7.59402e-20)
(0.78301 -0.76572 -6.2853e-20)
(0.910187 -0.760662 1.70401e-19)
(0.95316 -0.684442 5.52614e-20)
(0.972618 -0.608874 1.79469e-19)
(0.987551 -0.544568 -2.03772e-19)
(1.00168 -0.489186 6.55497e-19)
(1.01749 -0.437967 -2.73289e-19)
(1.0333 -0.388071 -1.51562e-19)
(1.03384 -0.346272 -4.06471e-19)
(0.496664 -0.458872 4.92817e-20)
(0.875856 -0.764709 -3.06283e-19)
(1.00887 -0.769276 1.83351e-19)
(1.04475 -0.696377 -1.8643e-20)
(1.05455 -0.621484 6.86105e-21)
(1.0609 -0.557582 -4.33585e-20)
(1.06752 -0.503803 5.09111e-20)
(1.0757 -0.457343 -5.82429e-20)
(1.08508 -0.418308 2.88935e-20)
(1.09161 -0.39058 -7.24497e-20)
(0.538981 -0.432694 2.55684e-19)
(0.961865 -0.74575 -5.26209e-19)
(1.10397 -0.761777 4.71318e-19)
(1.13456 -0.694953 -1.41653e-19)
(1.13503 -0.623157 -1.00271e-19)
(1.13217 -0.561669 4.61214e-20)
(1.12999 -0.510804 9.85026e-21)
(1.12863 -0.468446 2.69843e-20)
(1.12876 -0.433063 -2.64179e-20)
(1.13121 -0.402099 3.98832e-21)
(0.570596 -0.39545 -3.18663e-19)
(1.03761 -0.709794 8.60233e-19)
(1.19253 -0.73849 -4.95782e-19)
(1.22029 -0.679889 -3.47359e-19)
(1.21225 -0.612614 4.31089e-19)
(1.20006 -0.553905 -2.2119e-19)
(1.18884 -0.50504 6.42206e-20)
(1.17826 -0.464444 -2.05805e-19)
(1.16922 -0.429958 1.33139e-19)
(1.16501 -0.396918 8.13303e-21)
(0.589542 -0.349195 -5.13493e-19)
(1.09993 -0.658313 -3.33049e-19)
(1.27185 -0.700097 -5.71865e-19)
(1.30006 -0.651363 6.36344e-19)
(1.28517 -0.589767 -2.52642e-20)
(1.26437 -0.534387 2.29534e-19)
(1.24489 -0.487656 3.25336e-19)
(1.22659 -0.448796 -1.01262e-19)
(1.21029 -0.4158 -2.11258e-19)
(1.19987 -0.383036 3.32894e-19)
(0.594478 -0.296501 -2.98418e-19)
(1.14606 -0.593411 -3.07259e-19)
(1.33942 -0.647901 3.86758e-19)
(1.3721 -0.610369 -5.71218e-19)
(1.35278 -0.55574 1.04811e-19)
(1.32474 -0.504733 5.58043e-20)
(1.29811 -0.461036 5.58343e-20)
(1.27353 -0.42464 -3.56877e-20)
(1.25167 -0.393881 -6.22024e-20)
(1.23608 -0.362696 -4.08092e-19)
(0.584792 -0.240315 1.21942e-18)
(1.17364 -0.517771 -7.2101e-19)
(1.39284 -0.583722 1.48822e-20)
(1.43461 -0.558332 -7.47085e-19)
(1.41388 -0.5119 -1.87706e-19)
(1.38029 -0.466363 1.6786e-19)
(1.34763 -0.426619 1.05526e-19)
(1.3178 -0.393362 -3.53344e-19)
(1.29141 -0.365427 2.0375e-19)
(1.27151 -0.33676 -2.44495e-19)
(0.560677 -0.183753 5.60324e-19)
(1.18081 -0.434509 -4.19056e-19)
(1.42981 -0.509705 1.41385e-18)
(1.4857 -0.496793 8.5623e-20)
(1.46707 -0.459485 2.55364e-19)
(1.42993 -0.420307 8.5905e-19)
(1.39239 -0.385254 -1.60185e-19)
(1.35812 -0.355701 5.63521e-20)
(1.32794 -0.331115 -1.39111e-21)
(1.3043 -0.305808 -3.49313e-20)
(0.523176 -0.12987 4.07391e-19)
(1.16627 -0.347043 7.86483e-19)
(1.44827 -0.428241 -6.86588e-19)
(1.52351 -0.427359 -1.64143e-19)
(1.51099 -0.399652 -1.71371e-19)
(1.47267 -0.367437 3.17663e-19)
(1.43154 -0.337593 -1.39413e-19)
(1.39362 -0.312138 3.2612e-19)
(1.36023 -0.291225 8.35239e-20)
(1.33329 -0.269844 -1.16257e-19)
(0.474189 -0.0814415 -4.40534e-19)
(1.12952 -0.259012 3.23477e-19)
(1.44644 -0.341974 -6.1426e-19)
(1.54627 -0.351776 2.26058e-19)
(1.54437 -0.333601 -2.05315e-19)
(1.50772 -0.308635 -2.20778e-19)
(1.46456 -0.284303 -1.55735e-19)
(1.42383 -0.263167 1.6472e-19)
(1.38776 -0.246042 -2.77262e-19)
(1.35799 -0.228843 1.39641e-19)
(0.416382 -0.040731 -1.59468e-19)
(1.07092 -0.174196 -2.58863e-19)
(1.42297 -0.253837 1.14654e-19)
(1.55233 -0.272001 1.1296e-20)
(1.56599 -0.262643 7.16511e-20)
(1.53438 -0.24484 8.86708e-20)
(1.49108 -0.2261 6.76619e-20)
(1.44846 -0.209345 -8.96942e-20)
(1.4102 -0.195942 6.87401e-20)
(1.37798 -0.182852 -8.55117e-20)
(0.352987 -0.00928511 -9.65672e-20)
(0.991873 -0.0963791 -3.36977e-20)
(1.37705 -0.167042 1.07839e-19)
(1.54016 -0.190245 -4.88631e-20)
(1.57454 -0.188259 1.07495e-19)
(1.55187 -0.177121 -1.26008e-19)
(1.51072 -0.163861 3.21766e-20)
(1.46734 -0.151495 2.55702e-20)
(1.42738 -0.141764 -7.64025e-21)
(1.39305 -0.132655 2.9197e-20)
(0.287482 0.01221 -1.08767e-19)
(0.894914 -0.0291419 -4.04361e-19)
(1.30857 -0.085008 -3.02313e-20)
(1.5084 -0.108994 1.03058e-20)
(1.56861 -0.112126 -4.0849e-19)
(1.55922 -0.10665 4.23391e-20)
(1.52294 -0.0985199 -4.11349e-20)
(1.48017 -0.0904721 -9.41012e-20)
(1.43907 -0.0843303 1.86344e-19)
(1.40289 -0.078959 -2.65796e-19)
(0.223225 0.0239436 -5.91435e-20)
(0.783803 0.0244162 8.67419e-19)
(1.21832 -0.0112291 9.61722e-20)
(1.45595 -0.0309756 -6.78898e-19)
(1.54661 -0.0361327 -9.4592e-20)
(1.55514 -0.0347288 -5.91049e-19)
(1.52696 -0.0310818 4.12836e-19)
(1.48657 -0.0272285 -1.42626e-19)
(1.44513 -0.0247067 2.62546e-19)
(1.40744 -0.0229218 -1.61889e-19)
(0.163101 0.0268597 -3.55149e-19)
(0.663479 0.0620069 3.41804e-19)
(1.10817 0.050936 -2.17769e-19)
(1.3822 0.0409059 1.45801e-18)
(1.50691 0.0376364 6.70209e-19)
(1.53802 0.0372732 -1.48422e-19)
(1.52164 0.0375628 5.54396e-19)
(1.48591 0.0376172 -3.20066e-19)
(1.44525 0.0366627 -7.28879e-20)
(1.40656 0.0351826 5.07714e-19)
(0.109258 0.0224225 -6.59063e-19)
(0.539828 0.08249 8.01909e-19)
(0.981426 0.0985118 -1.46578e-18)
(1.28732 0.103664 2.37108e-19)
(1.448 0.10689 4.98781e-19)
(1.50597 0.107839 -6.07112e-19)
(1.50545 0.106488 -8.92873e-19)
(1.47724 0.103445 4.43745e-19)
(1.43904 0.099098 -4.80527e-19)
(1.40007 0.0947003 5.74407e-19)
(0.0629805 0.0123248 -1.60918e-19)
(0.419108 0.0861285 -8.2281e-19)
(0.842925 0.129209 3.86696e-19)
(1.17271 0.154369 8.79608e-19)
(1.36882 0.169143 -4.55401e-19)
(1.45695 0.175288 -3.84711e-19)
(1.47638 0.174834 -5.46667e-19)
(1.45903 0.170136 -1.8554e-19)
(1.42541 0.163173 -7.57184e-21)
(1.38723 0.156677 5.28197e-19)
(0.0247328 -0.00178723 2.59872e-19)
(0.30709 0.0746121 -1.08335e-18)
(0.699062 0.141791 1.7796e-18)
(1.04149 0.190369 -9.39848e-19)
(1.26934 0.221706 5.38348e-19)
(1.38914 0.237533 -6.11447e-19)
(1.43217 0.24126 6.27156e-19)
(1.4294 0.236907 4.68084e-19)
(1.4032 0.228087 7.65574e-19)
(1.3674 0.22054 -9.65135e-19)
(-0.00567297 -0.018514 -7.97483e-19)
(0.2082 0.0507545 1.36372e-18)
(0.55721 0.136458 1.99332e-20)
(0.89877 0.209688 -4.5894e-19)
(1.15111 0.261849 -2.315e-19)
(1.30151 0.292063 1.25647e-19)
(1.37055 0.303987 -9.90925e-19)
(1.3858 0.303154 5.81059e-19)
(1.37023 0.294836 -7.42685e-19)
(1.33826 0.288741 -1.93111e-19)
(-0.0288561 -0.0367897 1.35975e-18)
(0.125024 0.017963 -3.58558e-19)
(0.424621 0.115116 -6.44928e-19)
(0.751417 0.211581 1.6714e-18)
(1.01781 0.287158 -1.53623e-18)
(1.19457 0.335851 7.6393e-19)
(1.29015 0.359989 6.82777e-19)
(1.32656 0.36572 1.31996e-19)
(1.32536 0.359747 1.32417e-19)
(1.30192 0.356289 -1.11798e-19)
(-0.0456496 -0.055841 -1.30007e-18)
(0.058336 -0.0202463 1.0332e-18)
(0.307064 0.0813136 -8.70519e-19)
(0.607024 0.197099 1.0499e-18)
(0.87502 0.29622 -3.01057e-19)
(1.07067 0.365976 -9.0848e-19)
(1.19057 0.405856 2.75644e-19)
(1.24936 0.422025 -3.01004e-19)
(1.26601 0.42181 -2.84657e-19)
(1.2488 0.431969 -5.59542e-19)
(-0.0569186 -0.0750205 -1.60281e-18)
(0.00746428 -0.0604548 1.06455e-18)
(0.207798 0.0398465 -1.97721e-18)
(0.472337 0.16935 3.4075e-19)
(0.729309 0.289317 -1.25428e-18)
(0.933967 0.380196 -6.76019e-19)
(1.07351 0.437305 1.485e-18)
(1.15515 0.465285 -1.87419e-18)
(1.19555 0.469594 3.3395e-19)
(1.20795 0.475486 -3.35398e-19)
(-0.063431 -0.0935414 7.90258e-19)
(-0.0292558 -0.099272 2.74663e-19)
(0.127268 -0.00385623 -6.74861e-20)
(0.35173 0.133191 7.05364e-19)
(0.586687 0.268777 1.98829e-18)
(0.78921 0.377914 6.26731e-19)
(0.940607 0.451413 5.79114e-19)
(1.04086 0.491436 -2.01639e-19)
(1.10063 0.502684 -1.53078e-18)
(1.1343 0.505733 3.14261e-19)
(-0.0658019 -0.110185 -2.19546e-19)
(-0.0540974 -0.133176 5.52564e-19)
(0.0635408 -0.0443392 -1.44989e-19)
(0.246522 0.0944363 9.45111e-19)
(0.451349 0.238845 -2.10276e-18)
(0.640934 0.360954 1.41869e-19)
(0.794378 0.447981 -8.31896e-19)
(0.906107 0.499167 1.06145e-18)
(0.980249 0.518685 -3.04486e-19)
(1.03253 0.522664 -1.40215e-20)
(-0.0645402 -0.123121 -1.47584e-19)
(-0.0696252 -0.158547 -6.70628e-19)
(0.0132713 -0.0767632 1.55657e-18)
(0.155532 0.0585991 -7.9229e-19)
(0.325628 0.204447 7.41492e-20)
(0.493934 0.332592 2.35823e-19)
(0.640463 0.428344 -1.23803e-19)
(0.756548 0.488408 2.15112e-19)
(0.840956 0.516126 5.70704e-19)
(0.909307 0.523594 1.92848e-20)
(-0.0601918 -0.13 -3.14683e-19)
(-0.0784214 -0.172012 -2.79418e-19)
(-0.0271792 -0.0975445 -1.18622e-18)
(0.0763972 0.0296352 5.86609e-19)
(0.210504 0.169522 -1.1229e-18)
(0.352745 0.295908 2.58295e-19)
(0.485849 0.39401 2.64322e-19)
(0.600062 0.45899 -1.74402e-19)
(0.690553 0.49306 -7.51526e-20)
(0.771114 0.504657 -3.06778e-19)
(-0.0535196 -0.128366 2.2298e-19)
(-0.082841 -0.171024 -3.66717e-20)
(-0.0607673 -0.104787 9.90012e-21)
(0.00704918 0.00936436 -4.84508e-19)
(0.106549 0.136122 1.16361e-18)
(0.22134 0.252814 -1.62296e-19)
(0.33736 0.346068 -3.37653e-19)
(0.444954 0.41064 3.85388e-19)
(0.537568 0.447611 -8.89957e-20)
(0.625803 0.462244 3.50736e-19)
(-0.0456128 -0.11634 -3.83886e-20)
(-0.0847944 -0.154453 -1.83799e-19)
(-0.0891078 -0.0983857 -6.3378e-20)
(-0.053086 -0.00231915 -7.33805e-20)
(0.0152412 0.104594 -1.60676e-19)
(0.104009 0.204181 -4.22219e-19)
(0.202026 0.28549 4.62e-19)
(0.300284 0.343797 1.89752e-19)
(0.391957 0.379307 -6.84306e-20)
(0.483584 0.394685 -1.66869e-19)
(-0.0378387 -0.0933378 2.08722e-19)
(-0.0855968 -0.122991 3.55395e-20)
(-0.112273 -0.0798394 1.98188e-19)
(-0.102595 -0.0068113 -1.99451e-21)
(-0.0601465 0.0743468 1.65462e-19)
(0.00636133 0.150479 1.5044e-19)
(0.087935 0.2136 1.44681e-19)
(0.176372 0.260078 -3.84614e-19)
(0.265315 0.289608 -4.77642e-20)
(0.35712 0.303014 6.54365e-20)
(-0.0316307 -0.060553 -1.00517e-19)
(-0.0859553 -0.0792247 -1.12016e-19)
(-0.129126 -0.0518686 -5.14519e-20)
(-0.13852 -0.00612425 2.32873e-19)
(-0.114794 0.044597 1.04628e-19)
(-0.0646947 0.092373 1.66162e-20)
(0.0042437 0.132394 -3.73546e-20)
(0.0845407 0.162397 -1.3177e-20)
(0.170421 0.181967 9.92305e-20)
(0.26086 0.191029 -4.83668e-20)
(-0.0281863 -0.0209928 4.92721e-20)
(-0.0861186 -0.0273582 5.07949e-20)
(-0.1381 -0.0179779 -3.97791e-20)
(-0.157561 -0.00239702 -3.42047e-20)
(-0.14372 0.0148559 -3.24386e-20)
(-0.102378 0.0311412 -3.66634e-20)
(-0.040345 0.0448575 7.12198e-21)
(0.0353351 0.0552365 3.44825e-20)
(0.119228 0.0620929 -1.96998e-20)
(0.208462 0.065289 2.20687e-20)
(0.703201 -0.025079 -6.4594e-22)
(0.894867 -0.00498107 -6.81383e-22)
(0.957552 -0.00171642 -1.45431e-23)
(0.980655 -0.000677917 4.92719e-23)
(0.990427 -0.000284333 7.2692e-24)
(0.994879 -0.000136633 -7.3289e-24)
(0.997162 -6.97696e-05 -9.93845e-24)
(0.99839 -3.7528e-05 3.14577e-24)
(0.999038 -2.22987e-05 -2.38465e-25)
(0.999447 -8.46132e-06 2.11717e-24)
(0.707341 -0.0740197 1.01761e-21)
(0.896118 -0.0149149 -3.36346e-23)
(0.957693 -0.00516047 7.0805e-22)
(0.980694 -0.00203399 -7.82939e-22)
(0.990441 -0.000854787 -3.92795e-23)
(0.994884 -0.00041012 3.58831e-23)
(0.997165 -0.000210874 -3.87651e-23)
(0.998392 -0.000112355 -9.3681e-24)
(0.999039 -6.41661e-05 -1.90996e-23)
(0.999448 -2.45986e-05 -1.82226e-24)
(0.717459 -0.119483 -3.94942e-21)
(0.898604 -0.0247333 2.1911e-21)
(0.957981 -0.00862206 -7.9297e-22)
(0.980775 -0.00339027 6.69814e-22)
(0.99047 -0.00142601 -4.37179e-23)
(0.994896 -0.000683785 2.99579e-23)
(0.997172 -0.000352087 1.39196e-23)
(0.998397 -0.000187121 -3.21824e-24)
(0.999042 -0.000105964 1.31949e-23)
(0.99945 -4.07422e-05 -2.45582e-24)
(0.735523 -0.159807 1.67152e-21)
(0.902252 -0.0343629 2.64055e-21)
(0.958421 -0.0121083 1.32954e-21)
(0.980897 -0.00474936 -6.12823e-22)
(0.990514 -0.00199941 6.57297e-22)
(0.994913 -0.000957971 -2.02702e-22)
(0.997181 -0.000493258 1.12022e-23)
(0.998403 -0.000261697 -1.50649e-23)
(0.999047 -0.0001477 1.54744e-23)
(0.999453 -5.686e-05 1.06323e-24)
(0.762097 -0.193838 2.54814e-21)
(0.906915 -0.0437152 -3.96943e-21)
(0.959017 -0.0156176 -1.2019e-21)
(0.981061 -0.00611439 1.26854e-21)
(0.990571 -0.00257608 -5.01069e-22)
(0.994936 -0.00123293 -1.56289e-22)
(0.997194 -0.000634417 -1.16861e-22)
(0.998411 -0.000336247 -2.49968e-23)
(0.999053 -0.000189439 -3.66585e-23)
(0.999456 -7.29168e-05 -4.54528e-24)
(0.796263 -0.220311 -1.21166e-20)
(0.912432 -0.0525093 -3.44611e-22)
(0.959774 -0.0190859 -1.93536e-22)
(0.98127 -0.00747192 -1.43341e-21)
(0.990644 -0.00315136 2.99908e-22)
(0.994966 -0.00150646 2.02497e-22)
(0.99721 -0.000774716 1.24759e-22)
(0.998421 -0.000410318 2.951e-23)
(0.99906 -0.000230865 1.56919e-23)
(0.999461 -8.88431e-05 6.80373e-24)
(0.836408 -0.238388 2.39877e-20)
(0.918729 -0.0604005 3.0109e-21)
(0.960715 -0.0224102 6.78044e-22)
(0.981531 -0.00879916 7.07521e-22)
(0.990734 -0.00371783 -3.0406e-22)
(0.995001 -0.00177571 8.5621e-23)
(0.997229 -0.000912999 -1.21178e-22)
(0.998434 -0.000483361 -3.56604e-23)
(0.999069 -0.000271686 5.84227e-24)
(0.999467 -0.000104572 2.31732e-24)
(0.880614 -0.252092 -6.97366e-21)
(0.925889 -0.0683371 -7.324e-22)
(0.961911 -0.0258356 -2.84225e-21)
(0.981863 -0.0101752 1.77593e-21)
(0.990847 -0.00430316 -5.2491e-22)
(0.995045 -0.00205197 3.82145e-22)
(0.997252 -0.0010541 1.73603e-22)
(0.998448 -0.000557415 5.08948e-23)
(0.999079 -0.000312744 4.15777e-23)
(0.999473 -0.000120277 2.8382e-24)
(0.926234 -0.271917 -1.88317e-20)
(0.934397 -0.0788357 1.70263e-22)
(0.963573 -0.0300208 2.06247e-21)
(0.982332 -0.0117689 -2.08692e-21)
(0.991005 -0.00495981 6.44962e-22)
(0.995105 -0.00235637 -2.91674e-22)
(0.99728 -0.00120705 -1.95619e-22)
(0.998465 -0.000636387 -1.63083e-23)
(0.999091 -0.000355745 -2.09461e-23)
(0.99948 -0.000136422 -1.03698e-23)
(0.969768 -0.288323 -5.23809e-20)
(0.945316 -0.0888122 -4.87139e-21)
(0.966053 -0.0339211 -8.93161e-22)
(0.983052 -0.0132561 6.87405e-22)
(0.991244 -0.00558452 7.45394e-22)
(0.995193 -0.00264803 1.66018e-22)
(0.997319 -0.00135356 -3.51683e-23)
(0.998486 -0.000712221 3.96303e-23)
(0.999104 -0.000397194 -8.59377e-24)
(0.999487 -0.000152 7.38127e-25)
(1.11094 -0.210548 0)
(0.990666 -0.0818759 0)
(0.977442 -0.033851 0)
(0.986546 -0.0146881 0)
(0.992436 -0.00666581 0)
(0.995631 -0.00324315 0)
(0.997507 -0.00168024 0)
(0.998582 -0.00089494 0)
(0.999161 -0.000504021 0)
(0.999518 -0.000193675 0)
(1.10543 -0.0956329 0)
(1.00899 -0.0628789 0)
(0.989279 -0.0319373 0)
(0.992295 -0.0163529 0)
(0.995257 -0.00848393 0)
(0.997011 -0.00444068 0)
(0.998195 -0.0023718 0)
(0.998939 -0.00127907 0)
(0.999359 -0.000713843 0)
(0.999627 -0.000268933 0)
(1.09081 -0.0676709 0)
(1.02234 -0.0528922 0)
(0.999703 -0.0288103 0)
(0.997475 -0.0157388 0)
(0.997938 -0.00877187 0)
(0.99845 -0.00483849 0)
(0.998964 -0.00266944 0)
(0.999356 -0.00146929 0)
(0.999597 -0.000828859 0)
(0.99976 -0.000312081 0)
(1.07609 -0.0390894 0)
(1.02816 -0.0397053 0)
(1.00689 -0.02445 0)
(1.00163 -0.0143363 0)
(1.0003 -0.0084516 0)
(0.999831 -0.0048701 0)
(0.999749 -0.00276546 0)
(0.9998 -0.00155003 0)
(0.999858 -0.000884151 0)
(0.999907 -0.000334106 0)
(1.06108 -0.0215588 0)
(1.02956 -0.0289192 0)
(1.01164 -0.0200818 0)
(1.00491 -0.0124973 0)
(1.00232 -0.00767253 0)
(1.00108 -0.00457702 0)
(1.0005 -0.0026647 0)
(1.00024 -0.00151784 0)
(1.00012 -0.000874851 0)
(1.00006 -0.00033192 0)
(1.04946 -0.0116037 0)
(1.02903 -0.020264 0)
(1.01458 -0.0157745 0)
(1.00739 -0.0103766 0)
(1.00396 -0.00657865 0)
(1.00215 -0.00403291 0)
(1.00116 -0.00239735 0)
(1.00064 -0.00138458 0)
(1.00037 -0.000805428 0)
(1.0002 -0.000306794 0)
(1.04093 -0.00578591 0)
(1.02771 -0.0135968 0)
(1.01625 -0.0117385 0)
(1.00917 -0.00811484 0)
(1.00525 -0.00527861 0)
(1.00301 -0.00330382 0)
(1.00172 -0.00199672 0)
(1.00098 -0.00116631 0)
(1.00058 -0.00068368 0)
(1.00033 -0.000261328 0)
(1.03497 -0.0026371 0)
(1.0263 -0.00856879 0)
(1.01713 -0.00805318 0)
(1.01038 -0.00579778 0)
(1.00619 -0.00384675 0)
(1.00366 -0.00244416 0)
(1.00215 -0.00149543 0)
(1.00125 -0.000881056 0)
(1.00076 -0.000519524 0)
(1.00043 -0.000199128 0)
(1.03123 -0.00105142 0)
(1.02522 -0.00469556 0)
(1.01754 -0.00468764 0)
(1.01112 -0.00347258 0)
(1.0068 -0.00233542 0)
(1.0041 -0.00149852 0)
(1.00244 -0.000924299 0)
(1.00144 -0.000547719 0)
(1.00088 -0.000324245 0)
(1.0005 -0.000124512 0)
(1.02942 -0.000249446 0)
(1.02463 -0.00148404 0)
(1.0177 -0.00153589 0)
(1.01147 -0.00115557 0)
(1.0071 -0.000782621 0)
(1.00431 -0.000504612 0)
(1.00258 -0.000312493 0)
(1.00153 -0.000185711 0)
(1.00094 -0.000110151 0)
(1.00054 -4.23374e-05 0)
(1.2745 0.0462473 3.24135e-21)
(1.27377 0.0106373 1.18508e-20)
(1.26988 -0.0249824 -2.07379e-20)
(1.26029 -0.063925 -4.83675e-21)
(1.24895 -0.0986629 3.96772e-20)
(1.22953 -0.140959 5.89162e-20)
(1.21147 -0.171822 -6.53981e-20)
(1.18188 -0.223757 -1.03087e-20)
(1.16679 -0.244479 -3.26648e-20)
(1.14372 -0.320088 -1.05647e-19)
(1.16946 0.0639793 -4.22359e-22)
(1.17023 0.0502902 8.91702e-21)
(1.17068 0.0374825 -7.20891e-21)
(1.17037 0.0229312 1.47797e-20)
(1.17235 0.0107889 -2.01799e-20)
(1.1746 -0.00548452 -7.19821e-22)
(1.18065 -0.0156126 2.09318e-20)
(1.18581 -0.0354965 -2.98684e-20)
(1.19173 -0.04235 -2.31342e-20)
(1.19139 -0.0700122 -4.72822e-23)
(1.11612 0.0533083 -1.66191e-21)
(1.11833 0.0451247 2.7693e-21)
(1.12047 0.0374673 -3.73851e-21)
(1.12238 0.0292839 -1.52788e-20)
(1.12411 0.0220103 2.35628e-20)
(1.12479 0.012903 1.66723e-21)
(1.12377 0.00564607 -1.47062e-20)
(1.12149 -0.00576309 2.69134e-20)
(1.11737 -0.0127248 9.47872e-21)
(1.11798 -0.0273537 5.40249e-21)
(1.08151 0.0423287 -2.5221e-22)
(1.08301 0.0370126 -8.2352e-22)
(1.08393 0.0317708 -7.42229e-22)
(1.08447 0.0263027 6.73304e-21)
(1.08456 0.0210512 -7.53229e-21)
(1.08463 0.0153697 2.92114e-21)
(1.08431 0.0103992 -1.32747e-21)
(1.08509 0.00474545 -2.09032e-21)
(1.08527 0.000564076 1.43665e-20)
(1.08824 -0.00508732 -2.70899e-21)
(1.05889 0.0337973 -2.75843e-23)
(1.06027 0.0304003 4.89945e-22)
(1.06139 0.0270721 3.97092e-22)
(1.06249 0.0237727 1.04407e-21)
(1.06347 0.0206174 3.2837e-21)
(1.06467 0.0174741 -3.15016e-21)
(1.06552 0.014521 -1.40446e-21)
(1.06687 0.0114926 3.98221e-21)
(1.06719 0.00857616 -3.79153e-21)
(1.06894 0.0055458 -1.0624e-22)
(1.04438 0.0263118 -9.91273e-23)
(1.04571 0.0241161 3.10558e-23)
(1.04687 0.0219484 -1.49928e-22)
(1.04797 0.0197976 5.64745e-22)
(1.0489 0.0176742 -2.39347e-21)
(1.04986 0.0155545 7.97303e-22)
(1.05047 0.0134367 -8.99926e-22)
(1.05135 0.0113488 -1.70921e-21)
(1.05156 0.00919037 5.00463e-22)
(1.05287 0.00724146 1.19456e-21)
(1.03458 0.0195003 -6.63137e-24)
(1.03573 0.0180467 1.45573e-22)
(1.03676 0.0165981 -4.24856e-23)
(1.03771 0.0151568 1.03968e-24)
(1.03854 0.0137228 8.23366e-22)
(1.03936 0.0123083 2.91407e-22)
(1.03997 0.010888 1.2108e-21)
(1.04076 0.00953738 -4.56711e-22)
(1.0411 0.00810051 1.63273e-21)
(1.04211 0.00689848 1.21123e-21)
(1.02817 0.0133972 9.94445e-24)
(1.0292 0.0124846 -2.16145e-23)
(1.03013 0.011574 2.60028e-23)
(1.03101 0.0106695 -4.54085e-23)
(1.03178 0.00976846 -1.41588e-22)
(1.03253 0.00888364 4.29263e-22)
(1.03313 0.00798832 -2.52999e-22)
(1.0338 0.00714239 3.17006e-22)
(1.03417 0.00622014 -4.43135e-23)
(1.03492 0.00546979 -1.39294e-22)
(1.0243 0.0078332 -3.12317e-23)
(1.02525 0.00733559 1.69767e-22)
(1.02611 0.00683815 -9.7472e-23)
(1.02692 0.00634314 -6.94233e-24)
(1.02765 0.00584798 -7.90601e-24)
(1.02833 0.00536001 2.30097e-23)
(1.0289 0.00486257 1.46729e-22)
(1.0295 0.00439133 -3.57096e-22)
(1.02988 0.00387202 3.89957e-22)
(1.03047 0.00345261 -9.97392e-23)
(1.0225 0.00256446 1.03992e-22)
(1.0234 0.00240622 -1.59243e-22)
(1.02423 0.00224642 3.09763e-23)
(1.02499 0.00208632 -6.28789e-23)
(1.02569 0.00192467 9.05433e-23)
(1.02634 0.00176617 6.47814e-23)
(1.02688 0.00160333 -1.28987e-22)
(1.02744 0.0014526 5.90481e-23)
(1.02782 0.0012841 5.1285e-23)
(1.02833 0.00115323 3.81705e-23)
(1.11527 0.283286 -2.43863e-20)
(1.14581 0.267361 6.40058e-22)
(1.16652 0.249081 6.59858e-21)
(1.18333 0.228837 2.07972e-20)
(1.20137 0.206632 -3.74202e-20)
(1.22035 0.183072 -9.52791e-21)
(1.23802 0.159067 5.97369e-21)
(1.25224 0.134231 -9.90427e-21)
(1.26317 0.10789 2.1641e-20)
(1.27036 0.0783131 7.69086e-22)
(1.09138 0.182604 6.79458e-22)
(1.10631 0.173673 -6.20296e-21)
(1.1204 0.163832 -1.1874e-21)
(1.13044 0.153706 -8.96078e-21)
(1.13834 0.143117 9.03792e-21)
(1.14621 0.131529 6.67783e-21)
(1.15372 0.118763 -7.84683e-21)
(1.15945 0.105039 5.72507e-21)
(1.16372 0.0911378 -2.84786e-21)
(1.16688 0.0772293 -2.75059e-21)
(1.06726 0.12539 -8.64254e-22)
(1.07646 0.120764 1.85898e-21)
(1.08582 0.115057 1.87733e-22)
(1.09289 0.10852 5.99977e-22)
(1.09801 0.101444 -2.28635e-21)
(1.10234 0.0939286 -4.11521e-22)
(1.10608 0.0860375 5.06095e-21)
(1.10886 0.0778767 -4.25723e-21)
(1.11118 0.0696653 1.73312e-21)
(1.11355 0.0613954 5.15747e-22)
(1.04843 0.0901723 1.00452e-22)
(1.05414 0.0872991 5.77699e-21)
(1.05998 0.0835268 7.94194e-22)
(1.0646 0.0790618 -1.57667e-21)
(1.0681 0.0741647 7.4833e-23)
(1.07101 0.0689879 -9.79177e-23)
(1.07351 0.0636315 -2.81276e-22)
(1.07557 0.0582176 -7.2035e-22)
(1.0775 0.0528696 8.74912e-22)
(1.07955 0.0475717 -9.24382e-22)
(1.03395 0.0647784 -1.54508e-22)
(1.03762 0.062942 -3.24893e-21)
(1.04154 0.0604869 1.90496e-21)
(1.04492 0.0575669 5.15887e-22)
(1.04771 0.0543579 -7.20558e-22)
(1.05015 0.0509809 -2.08263e-22)
(1.05227 0.0475191 -2.8312e-23)
(1.05405 0.0440459 -3.19296e-22)
(1.05568 0.0406091 1.12928e-22)
(1.05732 0.0371953 1.69532e-22)
(1.02421 0.0460409 1.02733e-21)
(1.02682 0.0449844 -5.17022e-22)
(1.02964 0.0435012 -3.12819e-21)
(1.03222 0.041688 3.96811e-22)
(1.03448 0.0396556 -3.04184e-22)
(1.03653 0.0374866 2.63452e-22)
(1.03836 0.0352435 -7.13269e-22)
(1.03996 0.0329825 -3.99359e-23)
(1.04146 0.0307404 -7.70505e-24)
(1.04294 0.0285187 -3.01458e-23)
(1.01791 0.032012 2.38752e-21)
(1.01991 0.0314324 6.46246e-22)
(1.02204 0.0305516 1.95469e-21)
(1.02406 0.0294353 6.02352e-22)
(1.02591 0.0281571 7.68898e-22)
(1.02764 0.0267745 -2.2031e-22)
(1.02923 0.025332 -5.10888e-23)
(1.03068 0.0238684 1.24657e-22)
(1.03202 0.022408 -2.70349e-22)
(1.03333 0.0209535 9.23462e-23)
(1.01396 0.0210159 -2.32029e-22)
(1.01559 0.0207116 -4.44679e-22)
(1.01729 0.020206 1.57609e-21)
(1.01894 0.0195432 9.87918e-22)
(1.0205 0.0187704 -1.87445e-21)
(1.02198 0.0179251 1.51538e-22)
(1.02338 0.0170363 4.39194e-22)
(1.02468 0.0161289 3.25481e-23)
(1.02589 0.0152186 7.48837e-23)
(1.02706 0.0143087 8.22793e-24)
(1.01167 0.0119143 -1.68039e-22)
(1.01309 0.01177 -8.64615e-23)
(1.01455 0.0115096 -4.49627e-22)
(1.01597 0.0111594 -1.27322e-22)
(1.01734 0.0107465 -2.02112e-22)
(1.01866 0.0102919 1.30329e-21)
(1.01991 0.00981192 -7.24888e-22)
(1.0211 0.00932018 -3.27554e-22)
(1.02223 0.0088254 3.69039e-22)
(1.02329 0.00832994 -6.66296e-23)
(1.01061 0.00385909 1.82511e-22)
(1.01195 0.00381451 7.19284e-23)
(1.0133 0.00373122 -4.25342e-23)
(1.01462 0.00361872 1.09314e-21)
(1.0159 0.0034863 -1.95324e-22)
(1.01714 0.00334112 3.55029e-22)
(1.01832 0.00318861 -8.74959e-22)
(1.01946 0.00303313 9.4241e-23)
(1.02053 0.00287726 -3.02357e-22)
(1.02155 0.00272131 1.66528e-22)
(0.999871 0.00829982 0)
(1.00009 0.0269275 0)
(0.999501 0.0403539 0)
(1.00126 0.0604496 0)
(1.00275 0.0759584 0)
(1.00673 0.122981 0)
(1.01388 0.147234 0)
(1.02193 0.20924 0)
(1.04722 0.224042 0)
(1.07439 0.297082 0)
(0.999792 0.00735602 0)
(1.00193 0.0233381 0)
(1.00351 0.0347849 0)
(1.00967 0.0479176 0)
(1.01331 0.0623367 0)
(1.02371 0.0941111 0)
(1.03238 0.117769 0)
(1.04642 0.155145 0)
(1.06014 0.168113 0)
(1.07849 0.191376 0)
(0.999879 0.00551649 0)
(1.00179 0.0174336 0)
(1.00378 0.0254716 0)
(1.00887 0.03308 0)
(1.01186 0.0436974 0)
(1.0199 0.0644777 0)
(1.02514 0.0839891 0)
(1.03589 0.108011 0)
(1.04393 0.117309 0)
(1.05891 0.130523 0)
(0.999926 0.00373223 0)
(1.00114 0.0118454 0)
(1.00248 0.0169057 0)
(1.00557 0.021125 0)
(1.00744 0.028412 0)
(1.01276 0.0429006 0)
(1.01654 0.0583318 0)
(1.02491 0.0756867 0)
(1.03132 0.083953 0)
(1.04276 0.0930679 0)
(0.99995 0.00245151 0)
(1.00069 0.00785599 0)
(1.00157 0.0110013 0)
(1.00347 0.0134417 0)
(1.00475 0.0185537 0)
(1.00833 0.0290117 0)
(1.01126 0.0408687 0)
(1.01733 0.0535953 0)
(1.0222 0.060249 0)
(1.03013 0.0665136 0)
(0.999968 0.00161457 0)
(1.00046 0.00522392 0)
(1.00109 0.00719219 0)
(1.00229 0.00862196 0)
(1.00317 0.0121575 0)
(1.0055 0.0195992 0)
(1.0077 0.0283461 0)
(1.01196 0.0374776 0)
(1.01568 0.0425753 0)
(1.02125 0.0469179 0)
(0.999979 0.0010501 0)
(1.00031 0.00342424 0)
(1.00078 0.00463556 0)
(1.00154 0.00545323 0)
(1.00215 0.00783134 0)
(1.00368 0.0129866 0)
(1.00538 0.0192094 0)
(1.00844 0.0256087 0)
(1.01141 0.0293794 0)
(1.01547 0.0323763 0)
(0.999987 0.000652033 0)
(1.00022 0.0021407 0)
(1.00058 0.00285712 0)
(1.00108 0.00330916 0)
(1.00153 0.00483035 0)
(1.00258 0.00820556 0)
(1.00396 0.0123558 0)
(1.00625 0.016583 0)
(1.00873 0.0191697 0)
(1.01184 0.0211295 0)
(0.999991 0.000355394 0)
(1.00017 0.00117308 0)
(1.00047 0.0015502 0)
(1.00082 0.0017756 0)
(1.00119 0.00262276 0)
(1.00196 0.00453254 0)
(1.00315 0.0069084 0)
(1.00499 0.00931412 0)
(1.00716 0.0108223 0)
(1.00973 0.0119301 0)
(0.999993 0.000112818 0)
(1.00014 0.000373635 0)
(1.00042 0.000491049 0)
(1.0007 0.000559477 0)
(1.00103 0.0008309 0)
(1.00168 0.00144938 0)
(1.00278 0.00222235 0)
(1.00441 0.00300333 0)
(1.00643 0.00349839 0)
(1.00875 0.00385739 0)
(0.999869 0.000591306 6.90952e-21)
(0.996587 0.00187992 -3.0097e-21)
(0.989995 0.00319142 7.73294e-21)
(0.979872 0.00460691 -5.07441e-21)
(0.966993 0.00598564 -5.57279e-21)
(0.950395 0.00814835 2.16117e-20)
(0.928878 0.0107112 -4.21078e-21)
(0.899701 0.0149116 3.03048e-20)
(0.861475 0.0186026 1.81019e-20)
(0.812645 0.025226 -1.80094e-20)
(0.999863 0.00175647 8.32568e-21)
(0.996555 0.00559923 1.58805e-20)
(0.990032 0.00949176 2.40675e-20)
(0.980077 0.0136851 -3.33792e-20)
(0.967537 0.0177799 4.37788e-21)
(0.951251 0.0242486 1.31784e-20)
(0.930186 0.0319218 -2.28213e-20)
(0.901418 0.0444554 3.91653e-20)
(0.864021 0.055468 -1.05686e-19)
(0.816009 0.0751731 1.48439e-19)
(0.999855 0.00287218 -2.93243e-20)
(0.9965 0.00920377 1.10441e-20)
(0.990118 0.0155514 -4.88586e-22)
(0.9805 0.0223676 -5.57065e-20)
(0.968624 0.0290646 1.38937e-20)
(0.952944 0.0397986 -3.27917e-20)
(0.932769 0.0525412 4.37195e-20)
(0.904832 0.0732182 -1.16748e-19)
(0.869095 0.0913645 1.99353e-19)
(0.822795 0.12371 -1.57875e-19)
(0.999851 0.00391248 1.87427e-20)
(0.996433 0.012626 -6.13829e-21)
(0.990282 0.0212237 3.84964e-20)
(0.981165 0.0304296 -7.04766e-20)
(0.97025 0.0395654 4.4483e-20)
(0.955437 0.0545115 -8.98319e-20)
(0.93658 0.0722391 -1.4874e-20)
(0.909924 0.100745 2.87022e-19)
(0.876719 0.125689 -7.95506e-20)
(0.833113 0.170036 -2.00545e-19)
(0.999858 0.00486164 -7.62312e-20)
(0.996372 0.0158081 5.79452e-20)
(0.990558 0.0263786 -2.83803e-20)
(0.982091 0.0376966 -1.24251e-19)
(0.972391 0.0490912 1.1902e-19)
(0.958665 0.0681859 -1.55774e-19)
(0.94155 0.0907347 2.02495e-19)
(0.916669 0.126595 5.76875e-20)
(0.886941 0.157807 1.41783e-19)
(0.847106 0.213294 1.49772e-20)
(0.999878 0.00571697 5.99995e-20)
(0.996335 0.0187104 -1.40961e-20)
(0.990983 0.030918 8.01748e-20)
(0.983283 0.0440544 -8.94827e-20)
(0.97499 0.0575332 8.61681e-20)
(0.962532 0.0806922 -2.43628e-20)
(0.947585 0.107765 5.07648e-20)
(0.925023 0.150314 -1.57089e-19)
(0.899802 0.186973 -2.69072e-19)
(0.864876 0.252709 1.63446e-19)
(0.999912 0.00648412 -2.90864e-20)
(0.99634 0.0213202 -2.37585e-20)
(0.991565 0.0348307 1.14109e-20)
(0.984703 0.049512 -7.89909e-20)
(0.977947 0.0648894 2.77529e-19)
(0.966908 0.0919542 -2.27537e-19)
(0.954569 0.123051 1.14766e-19)
(0.934915 0.171282 -1.94622e-19)
(0.915359 0.212497 -5.38332e-20)
(0.886465 0.286679 4.09946e-19)
(0.999957 0.00716099 3.47175e-20)
(0.996429 0.023616 -4.01644e-21)
(0.992302 0.0382131 -3.48857e-20)
(0.986267 0.0543341 4.24957e-20)
(0.98109 0.0714707 1.20814e-19)
(0.971641 0.102187 -2.64557e-19)
(0.962299 0.136474 2.13257e-19)
(0.946319 0.188789 -4.77718e-19)
(0.93341 0.233072 3.91027e-19)
(0.912224 0.315022 -1.01463e-19)
(1.00001 0.00772944 -3.81072e-20)
(0.996711 0.0254918 4.37967e-20)
(0.99327 0.0410709 -7.86479e-20)
(0.988002 0.0587883 -4.73999e-20)
(0.984296 0.0778686 1.04096e-21)
(0.976594 0.112133 6.77991e-20)
(0.970402 0.148711 -3.4205e-19)
(0.959017 0.202795 3.79057e-19)
(0.953928 0.246465 -3.27281e-19)
(0.941307 0.333286 1.49753e-19)
(1.00006 0.0081578 -2.21218e-20)
(0.997299 0.0266813 1.92585e-21)
(0.994587 0.0427633 -7.47358e-21)
(0.990285 0.0617696 -5.56732e-20)
(0.98784 0.082524 -4.21464e-20)
(0.982057 0.120159 2.4792e-19)
(0.978852 0.158435 1.97771e-19)
(0.972422 0.211627 -9.20657e-20)
(0.975537 0.254508 -2.46906e-20)
(0.983844 0.312384 -3.90086e-19)
(1.00005 -0.00815715 -2.20981e-20)
(0.9973 -0.0266809 1.44464e-20)
(0.994586 -0.0427664 -5.99065e-21)
(0.990284 -0.0617699 9.1881e-20)
(0.98784 -0.0825193 5.15866e-20)
(0.982059 -0.120153 -2.09036e-19)
(0.978855 -0.158432 -1.71701e-19)
(0.972424 -0.211627 1.18629e-19)
(0.97554 -0.254514 1.72784e-20)
(0.983845 -0.312393 4.00855e-19)
(1.00001 -0.00772896 1.64902e-20)
(0.996712 -0.0254912 -9.19876e-20)
(0.99327 -0.0410731 5.47965e-20)
(0.988 -0.0587889 -3.20603e-20)
(0.984295 -0.0778653 -5.07377e-20)
(0.976596 -0.112128 -2.73558e-20)
(0.970405 -0.148708 2.87917e-19)
(0.95902 -0.202795 -3.2012e-19)
(0.953931 -0.246468 3.6919e-19)
(0.941309 -0.333291 -2.07578e-19)
(0.999957 -0.00716069 -9.78546e-21)
(0.99643 -0.0236152 3.59569e-20)
(0.992302 -0.0382145 6.04549e-20)
(0.986265 -0.0543352 -1.20274e-20)
(0.981088 -0.0714687 -1.65704e-19)
(0.971642 -0.102183 1.99721e-19)
(0.962302 -0.136471 -1.96095e-19)
(0.946323 -0.188788 4.43647e-19)
(0.933414 -0.233074 -4.35503e-19)
(0.912226 -0.315026 1.35752e-19)
(0.999912 -0.00648395 -2.63274e-21)
(0.99634 -0.0213193 4.81133e-20)
(0.991565 -0.0348315 -4.42229e-20)
(0.984702 -0.049513 1.69916e-19)
(0.977945 -0.0648883 -2.11869e-20)
(0.966909 -0.0919505 -2.35724e-20)
(0.954571 -0.123048 -1.19168e-19)
(0.934917 -0.17128 8.69945e-20)
(0.915362 -0.212498 4.37833e-20)
(0.886467 -0.286682 -4.26902e-19)
(0.999878 -0.00571689 5.29393e-20)
(0.996336 -0.0187096 -1.6167e-20)
(0.990983 -0.0309181 4.51137e-20)
(0.983282 -0.0440549 7.52615e-20)
(0.974989 -0.0575327 -1.05844e-19)
(0.962531 -0.0806894 -1.68484e-20)
(0.947585 -0.107762 1.46231e-20)
(0.925024 -0.150312 1.25836e-19)
(0.899804 -0.186973 2.31145e-19)
(0.864877 -0.252711 -1.35974e-19)
(0.999858 -0.00486156 -3.84232e-20)
(0.996372 -0.0158073 -2.01561e-21)
(0.990558 -0.0263782 -9.82614e-20)
(0.98209 -0.0376968 1.54296e-19)
(0.97239 -0.049091 -1.34284e-19)
(0.958664 -0.0681836 2.6203e-19)
(0.941549 -0.0907316 -3.0709e-19)
(0.916668 -0.126592 1.44605e-19)
(0.88694 -0.157806 -1.93207e-20)
(0.847105 -0.213295 1.84815e-20)
(0.999851 -0.00391235 3.80657e-20)
(0.996433 -0.0126251 -2.47295e-20)
(0.990281 -0.0212232 2.64738e-20)
(0.981164 -0.0304297 -3.57486e-20)
(0.970249 -0.0395653 8.92998e-21)
(0.955436 -0.0545091 6.6806e-20)
(0.936579 -0.0722355 6.35097e-20)
(0.909921 -0.100742 -3.98171e-19)
(0.876717 -0.125687 2.83886e-21)
(0.833111 -0.170037 1.94609e-19)
(0.999855 -0.00287199 -1.63779e-20)
(0.9965 -0.0092028 2.78834e-21)
(0.990118 -0.0155509 -3.61928e-20)
(0.9805 -0.0223679 4.19654e-20)
(0.968623 -0.0290645 -1.63633e-20)
(0.952943 -0.0397959 1.7955e-20)
(0.932768 -0.0525369 -1.98598e-20)
(0.904829 -0.0732138 1.05844e-19)
(0.869092 -0.0913618 -2.12428e-19)
(0.822793 -0.123711 1.33185e-19)
(0.999863 -0.00175625 1.16513e-20)
(0.996555 -0.00559817 -5.50695e-21)
(0.990031 -0.00949118 -4.46756e-21)
(0.980076 -0.0136856 5.01645e-20)
(0.967537 -0.0177798 -8.52788e-21)
(0.951251 -0.0242456 -6.23059e-21)
(0.930185 -0.0319167 -1.15532e-20)
(0.901416 -0.0444501 -2.33449e-20)
(0.864019 -0.0554648 1.11987e-19)
(0.816007 -0.0751737 -1.58973e-19)
(0.999869 -0.000591057 6.62768e-21)
(0.996587 -0.00187881 -1.51162e-21)
(0.989995 -0.00319076 -7.99702e-21)
(0.979872 -0.00460735 1.18103e-20)
(0.966993 -0.00598551 9.04619e-21)
(0.950396 -0.00814516 -3.28706e-21)
(0.928878 -0.0107058 2.0917e-20)
(0.899701 -0.0149057 -3.8863e-20)
(0.861474 -0.0185989 8.83972e-22)
(0.812644 -0.0252267 2.74174e-20)
(0.999993 -0.000112704 0)
(1.00015 -0.000373725 0)
(1.00042 -0.000491366 0)
(1.0007 -0.000559392 0)
(1.00103 -0.000830113 0)
(1.00168 -0.00144841 0)
(1.00278 -0.00222216 0)
(1.00441 -0.00300428 0)
(1.00643 -0.00350081 0)
(1.00875 -0.00386125 0)
(0.999991 -0.000355491 0)
(1.00017 -0.00117337 0)
(1.00047 -0.00155048 0)
(1.00082 -0.00177579 0)
(1.00119 -0.00262272 0)
(1.00196 -0.00453258 0)
(1.00315 -0.00690861 0)
(1.00499 -0.0093143 0)
(1.00716 -0.0108227 0)
(1.00973 -0.011931 0)
(0.999987 -0.000652234 0)
(1.00022 -0.00214124 0)
(1.00058 -0.0028577 0)
(1.00108 -0.00330987 0)
(1.00153 -0.00483075 0)
(1.00258 -0.00820595 0)
(1.00396 -0.0123561 0)
(1.00625 -0.0165835 0)
(1.00872 -0.0191701 0)
(1.01184 -0.0211302 0)
(0.999979 -0.00105025 0)
(1.00031 -0.0034248 0)
(1.00078 -0.00463634 0)
(1.00154 -0.00545366 0)
(1.00215 -0.00783102 0)
(1.00368 -0.0129859 0)
(1.00538 -0.0192095 0)
(1.00844 -0.0256099 0)
(1.01141 -0.0293821 0)
(1.01548 -0.0323806 0)
(0.999968 -0.00161489 0)
(1.00046 -0.00522436 0)
(1.00109 -0.00719266 0)
(1.00229 -0.00862222 0)
(1.00317 -0.0121579 0)
(1.0055 -0.0195995 0)
(1.0077 -0.0283469 0)
(1.01196 -0.0374785 0)
(1.01568 -0.0425762 0)
(1.02125 -0.046919 0)
(0.99995 -0.00245173 0)
(1.00069 -0.00785638 0)
(1.00157 -0.0110018 0)
(1.00347 -0.013442 0)
(1.00475 -0.0185536 0)
(1.00833 -0.029012 0)
(1.01126 -0.0408697 0)
(1.01734 -0.0535972 0)
(1.0222 -0.0602515 0)
(1.03013 -0.0665164 0)
(0.999926 -0.00373252 0)
(1.00114 -0.0118456 0)
(1.00248 -0.0169057 0)
(1.00557 -0.021125 0)
(1.00744 -0.0284121 0)
(1.01276 -0.0429013 0)
(1.01654 -0.0583331 0)
(1.02491 -0.0756884 0)
(1.03132 -0.0839542 0)
(1.04276 -0.0930687 0)
(0.999879 -0.00551661 0)
(1.00179 -0.0174336 0)
(1.00378 -0.0254719 0)
(1.00887 -0.0330801 0)
(1.01186 -0.0436974 0)
(1.0199 -0.064477 0)
(1.02514 -0.0839891 0)
(1.03589 -0.108012 0)
(1.04393 -0.117311 0)
(1.05891 -0.130525 0)
(0.999792 -0.00735577 0)
(1.00193 -0.0233379 0)
(1.00351 -0.0347852 0)
(1.00967 -0.0479168 0)
(1.01331 -0.0623349 0)
(1.02371 -0.0941076 0)
(1.03238 -0.117766 0)
(1.04642 -0.155143 0)
(1.06015 -0.168113 0)
(1.07849 -0.191377 0)
(0.999871 -0.00829965 0)
(1.00009 -0.0269268 0)
(0.999501 -0.0403546 0)
(1.00126 -0.0604495 0)
(1.00275 -0.0759577 0)
(1.00672 -0.122977 0)
(1.01387 -0.147227 0)
(1.02192 -0.209233 0)
(1.04722 -0.224037 0)
(1.0744 -0.297081 0)
(1.01061 -0.00386362 1.365e-22)
(1.01195 -0.00381922 2.08809e-22)
(1.0133 -0.00373587 3.35583e-22)
(1.01462 -0.00362314 9.97862e-23)
(1.0159 -0.00349036 -9.87951e-22)
(1.01714 -0.00334482 -1.90654e-22)
(1.01833 -0.00319217 8.59207e-22)
(1.01946 -0.0030369 -3.63273e-23)
(1.02053 -0.00288145 3.01655e-22)
(1.02155 -0.00272583 -1.62893e-22)
(1.01167 -0.0119157 -3.39101e-22)
(1.0131 -0.0117716 1.23164e-21)
(1.01455 -0.0115113 -1.20801e-21)
(1.01597 -0.0111612 -1.19847e-22)
(1.01734 -0.0107482 1.8469e-22)
(1.01866 -0.0102935 -1.03717e-21)
(1.01992 -0.00981379 9.62862e-22)
(1.0211 -0.00932263 2.57538e-22)
(1.02223 -0.00882872 -4.78947e-22)
(1.0233 -0.00833411 5.5e-23)
(1.01396 -0.0210168 -2.8847e-22)
(1.01559 -0.0207126 -2.82362e-22)
(1.01729 -0.0202071 8.05555e-22)
(1.01894 -0.0195442 1.0949e-21)
(1.0205 -0.0187714 1.16348e-22)
(1.02198 -0.017926 -5.232e-22)
(1.02338 -0.0170373 -4.52073e-22)
(1.02468 -0.0161301 2.21899e-22)
(1.02589 -0.0152202 4.93577e-23)
(1.02706 -0.0143108 -2.39597e-23)
(1.01791 -0.0320173 2.06686e-21)
(1.01991 -0.031438 2.43389e-21)
(1.02204 -0.0305573 -1.1558e-21)
(1.02406 -0.0294409 1.52552e-21)
(1.02591 -0.0281623 3.25252e-22)
(1.02764 -0.0267791 1.06911e-21)
(1.02923 -0.0253363 -7.27172e-23)
(1.03068 -0.0238727 -4.26792e-22)
(1.03202 -0.0224128 3.17641e-22)
(1.03333 -0.0209589 -6.49186e-23)
(1.0242 -0.0460424 9.48164e-22)
(1.02682 -0.0449863 -6.6359e-23)
(1.02964 -0.0435034 -1.65057e-21)
(1.03222 -0.0416904 -1.49234e-21)
(1.03448 -0.039658 3.02604e-22)
(1.03653 -0.0374888 -1.56604e-21)
(1.03836 -0.0352457 4.87538e-22)
(1.03996 -0.0329852 9.22898e-23)
(1.04145 -0.0307438 -8.19156e-23)
(1.04294 -0.0285227 -1.31173e-23)
(1.03395 -0.0647815 -6.17082e-22)
(1.03762 -0.062945 -3.24803e-21)
(1.04154 -0.06049 2.75102e-21)
(1.04492 -0.05757 -1.06941e-21)
(1.04771 -0.0543608 -5.66028e-22)
(1.05015 -0.0509839 4.48336e-22)
(1.05227 -0.0475222 3.50695e-22)
(1.05405 -0.044049 -1.3452e-23)
(1.05567 -0.0406122 -1.09929e-22)
(1.05732 -0.0371984 4.71411e-23)
(1.04843 -0.0901733 -2.84808e-21)
(1.05414 -0.0873 8.17517e-21)
(1.05998 -0.0835274 -1.18456e-21)
(1.0646 -0.0790621 5.76653e-22)
(1.0681 -0.0741648 2.75903e-22)
(1.07101 -0.0689881 1.36879e-21)
(1.07351 -0.0636318 -2.00658e-21)
(1.07557 -0.058218 -1.11349e-21)
(1.0775 -0.0528699 4.36622e-22)
(1.07955 -0.0475721 1.20054e-22)
(1.06725 -0.125393 2.28039e-21)
(1.07646 -0.120767 -1.24317e-21)
(1.08582 -0.11506 7.92079e-22)
(1.09289 -0.108523 1.31015e-21)
(1.09801 -0.101446 5.70867e-24)
(1.10234 -0.093931 -7.99548e-21)
(1.10608 -0.0860395 7.18952e-21)
(1.10886 -0.0778782 3.34178e-22)
(1.11118 -0.0696663 -1.75042e-21)
(1.11355 -0.061396 1.45243e-21)
(1.09138 -0.182606 3.37943e-22)
(1.10631 -0.173675 -5.67828e-21)
(1.1204 -0.163835 -8.7641e-22)
(1.13044 -0.153709 -5.24033e-21)
(1.13834 -0.14312 1.7399e-21)
(1.14621 -0.131532 9.91418e-21)
(1.15372 -0.118767 -9.34448e-21)
(1.15945 -0.105045 9.04391e-21)
(1.16372 -0.0911435 -7.90618e-21)
(1.16689 -0.077235 3.53445e-22)
(1.11527 -0.283286 1.91544e-20)
(1.14581 -0.267361 -4.15486e-22)
(1.16651 -0.249082 -6.85335e-21)
(1.18333 -0.228839 -8.3247e-21)
(1.20137 -0.206635 2.90639e-20)
(1.22035 -0.183076 2.3451e-22)
(1.23802 -0.15907 1.08441e-21)
(1.25224 -0.134233 1.23708e-21)
(1.26317 -0.107888 8.37797e-21)
(1.27036 -0.0783069 2.82522e-22)
(1.02251 -0.0025689 -1.06953e-22)
(1.0234 -0.0024101 1.59714e-22)
(1.02423 -0.00224931 -4.5929e-23)
(1.025 -0.002088 6.46474e-23)
(1.02569 -0.0019251 -8.88213e-23)
(1.02634 -0.00176557 3.6624e-23)
(1.02689 -0.00160196 -5.38595e-24)
(1.02744 -0.00145078 4.36625e-24)
(1.02782 -0.00128204 2.11674e-23)
(1.02834 -0.00115109 4.87454e-23)
(1.0243 -0.00783777 3.9882e-23)
(1.02525 -0.00733994 -1.31602e-22)
(1.02612 -0.00684172 1.13904e-22)
(1.02692 -0.00634565 1.33751e-23)
(1.02765 -0.00584928 6.7217e-23)
(1.02834 -0.00536027 1.55489e-23)
(1.0289 -0.00486202 1.67467e-22)
(1.0295 -0.00439044 -1.36294e-22)
(1.02988 -0.00387096 3.02152e-23)
(1.03047 -0.00345165 -5.14872e-23)
(1.02817 -0.0133998 -3.7507e-24)
(1.0292 -0.0124874 -1.47097e-23)
(1.03013 -0.0115767 2.37638e-23)
(1.03101 -0.010672 1.07812e-22)
(1.03178 -0.0097705 1.03568e-22)
(1.03253 -0.00888519 -1.42063e-22)
(1.03313 -0.00798941 -3.11883e-22)
(1.03381 -0.00714323 5.99572e-22)
(1.03418 -0.00622074 -1.08375e-22)
(1.03492 -0.00547036 -1.17887e-22)
(1.03458 -0.0195058 1.3936e-23)
(1.03573 -0.0180515 -5.5075e-23)
(1.03676 -0.0166019 2.01824e-22)
(1.03772 -0.0151593 1.96244e-23)
(1.03854 -0.0137237 5.29559e-23)
(1.03937 -0.012308 5.59487e-22)
(1.03997 -0.0108868 6.84286e-22)
(1.04076 -0.00953571 1.32655e-21)
(1.0411 -0.00809845 6.27428e-22)
(1.04211 -0.0068966 1.37543e-21)
(1.04438 -0.0263159 1.39169e-22)
(1.04571 -0.0241194 -5.32714e-25)
(1.04687 -0.0219506 -5.164e-22)
(1.04797 -0.0197986 -1.3423e-21)
(1.0489 -0.0176739 4.15289e-22)
(1.04986 -0.0155534 -2.51588e-24)
(1.05047 -0.0134353 9.4961e-22)
(1.05135 -0.0113474 -3.19665e-21)
(1.05156 -0.00918901 1.24755e-22)
(1.05287 -0.00724072 1.25063e-21)
(1.05889 -0.0338004 -2.47846e-22)
(1.06026 -0.030403 -5.6352e-22)
(1.06139 -0.0270745 1.02123e-21)
(1.06248 -0.023775 -1.29873e-21)
(1.06346 -0.0206196 2.66394e-21)
(1.06466 -0.0174762 -2.16847e-21)
(1.06552 -0.0145231 2.02416e-21)
(1.06687 -0.0114949 2.72114e-21)
(1.06719 -0.00857877 -3.69746e-21)
(1.06894 -0.00554846 3.54299e-22)
(1.08151 -0.0423289 1.18153e-21)
(1.08301 -0.0370124 -1.11289e-21)
(1.08394 -0.0317709 -1.31252e-21)
(1.08447 -0.0263037 -3.87127e-22)
(1.08456 -0.0210529 -1.59758e-21)
(1.08463 -0.0153719 2.07906e-21)
(1.08431 -0.0104019 -7.0401e-21)
(1.08509 -0.00474837 4.67032e-21)
(1.08527 -0.000567376 1.15445e-20)
(1.08824 0.00508423 6.67852e-22)
(1.11612 -0.0533083 -4.84861e-22)
(1.11833 -0.0451236 -2.43197e-21)
(1.12047 -0.0374663 4.42782e-21)
(1.12238 -0.0292837 -7.96933e-21)
(1.12411 -0.0220105 -1.87627e-21)
(1.12479 -0.0129041 6.2e-21)
(1.12377 -0.00564806 5.44212e-21)
(1.12149 0.00576017 1.55841e-20)
(1.11737 0.0127214 1.57851e-20)
(1.11798 0.0273494 -9.81796e-23)
(1.16946 -0.0639839 2.94909e-21)
(1.17023 -0.0502929 3.2033e-21)
(1.17068 -0.0374848 -2.98419e-21)
(1.17037 -0.0229345 1.26657e-20)
(1.17235 -0.0107936 -1.23249e-20)
(1.1746 0.00547761 -2.57917e-20)
(1.18065 0.0156032 3.17752e-20)
(1.18581 0.035485 -2.06747e-20)
(1.19173 0.0423373 -2.6541e-20)
(1.1914 0.0699982 1.13661e-21)
(1.2745 -0.0462376 -4.33017e-21)
(1.27377 -0.0106244 1.92256e-21)
(1.26988 0.0249936 3.12142e-20)
(1.26029 0.06393 -4.75178e-21)
(1.24896 0.0986602 -2.46507e-20)
(1.22953 0.140949 -4.15325e-20)
(1.21148 0.171804 2.76556e-20)
(1.1819 0.223736 1.20926e-20)
(1.16681 0.244455 3.43232e-20)
(1.14375 0.320064 9.57689e-20)
(1.02942 0.000249307 0)
(1.02463 0.00148491 0)
(1.0177 0.00153618 0)
(1.01147 0.00115572 0)
(1.0071 0.000782667 0)
(1.00432 0.000504566 0)
(1.00259 0.000312465 0)
(1.00154 0.000185782 0)
(1.00094 0.000110181 0)
(1.00054 4.22766e-05 0)
(1.03123 0.00105028 0)
(1.02522 0.00469687 0)
(1.01754 0.00468813 0)
(1.01112 0.00347281 0)
(1.0068 0.00233546 0)
(1.0041 0.00149845 0)
(1.00244 0.000924323 0)
(1.00144 0.000547744 0)
(1.00088 0.000324187 0)
(1.00051 0.000124462 0)
(1.03497 0.00263795 0)
(1.0263 0.00856996 0)
(1.01713 0.00805345 0)
(1.01038 0.00579796 0)
(1.00619 0.00384686 0)
(1.00366 0.0024442 0)
(1.00215 0.00149554 0)
(1.00125 0.000881002 0)
(1.00076 0.000519428 0)
(1.00043 0.000199153 0)
(1.04093 0.00578923 0)
(1.02771 0.0135987 0)
(1.01625 0.0117388 0)
(1.00917 0.00811507 0)
(1.00525 0.00527886 0)
(1.00301 0.00330397 0)
(1.00172 0.00199688 0)
(1.00098 0.00116632 0)
(1.00059 0.000683579 0)
(1.00033 0.000261308 0)
(1.04947 0.0116036 0)
(1.02903 0.0202657 0)
(1.01458 0.0157751 0)
(1.00739 0.0103769 0)
(1.00397 0.00657899 0)
(1.00215 0.00403319 0)
(1.00116 0.00239758 0)
(1.00064 0.00138456 0)
(1.00037 0.000805152 0)
(1.0002 0.000306704 0)
(1.06108 0.0215559 0)
(1.02957 0.0289196 0)
(1.01164 0.0200824 0)
(1.00491 0.0124976 0)
(1.00232 0.00767302 0)
(1.00108 0.00457746 0)
(1.0005 0.00266496 0)
(1.00024 0.00151774 0)
(1.00012 0.0008744 0)
(1.00006 0.000331776 0)
(1.07609 0.0390884 0)
(1.02816 0.039705 0)
(1.00689 0.0244508 0)
(1.00163 0.0143369 0)
(1.0003 0.00845219 0)
(0.999832 0.00487056 0)
(0.99975 0.00276579 0)
(0.999801 0.00154993 0)
(0.999859 0.000883525 0)
(0.999909 0.000333882 0)
(1.09082 0.0676711 0)
(1.02234 0.0528925 0)
(0.999705 0.0288115 0)
(0.997477 0.0157396 0)
(0.997939 0.00877259 0)
(0.998451 0.00483884 0)
(0.998964 0.00266984 0)
(0.999357 0.0014692 0)
(0.999598 0.000827995 0)
(0.999761 0.000311727 0)
(1.10544 0.095628 0)
(1.009 0.0628801 0)
(0.98928 0.0319394 0)
(0.992296 0.0163537 0)
(0.995257 0.00848484 0)
(0.997012 0.00444125 0)
(0.998195 0.00237256 0)
(0.998939 0.00127876 0)
(0.999359 0.000712411 0)
(0.999629 0.000268436 0)
(1.11097 0.210544 0)
(0.990677 0.0818795 0)
(0.977444 0.0338566 0)
(0.986547 0.0146903 0)
(0.992437 0.00666699 0)
(0.995632 0.00324412 0)
(0.997507 0.00168305 0)
(0.998582 0.000895715 0)
(0.999162 0.0005016 0)
(0.999519 0.000193169 0)
(0.969808 0.288326 5.71279e-20)
(0.945325 0.0888191 -6.17772e-22)
(0.966054 0.0339263 9.20707e-22)
(0.983053 0.0132571 -2.92498e-22)
(0.991245 0.00558602 -6.32598e-22)
(0.995193 0.0026483 2.20489e-23)
(0.997319 0.00135518 6.68002e-23)
(0.998487 0.000711965 1.2583e-23)
(0.999104 0.000394579 -3.05355e-24)
(0.999488 0.0001512 5.62885e-24)
(0.926274 0.271923 1.59406e-20)
(0.934405 0.0788437 9.64158e-22)
(0.963574 0.0300261 -1.01271e-21)
(0.982333 0.0117698 7.11935e-22)
(0.991005 0.00496136 4.42011e-23)
(0.995105 0.00235658 -1.88049e-22)
(0.99728 0.00120856 -2.12809e-23)
(0.998466 0.000636066 -1.18158e-22)
(0.999091 0.000353144 -1.11233e-23)
(0.99948 0.000135609 -5.30448e-24)
(0.880649 0.252101 9.84775e-21)
(0.925894 0.0683461 -4.95661e-22)
(0.961912 0.0258409 -6.86546e-22)
(0.981863 0.0101762 -1.20581e-21)
(0.990847 0.00430475 3.25164e-22)
(0.995045 0.00205218 1.0984e-22)
(0.997252 0.00105559 1.43462e-22)
(0.998449 0.000557088 1.0154e-22)
(0.999079 0.000310169 1.62747e-23)
(0.999473 0.000119475 4.9979e-24)
(0.836431 0.238401 -1.76108e-20)
(0.918731 0.0604102 -5.76251e-22)
(0.960715 0.0224155 2.83848e-21)
(0.981531 0.00880005 -1.05096e-22)
(0.990734 0.00371945 8.87575e-23)
(0.995001 0.00177592 -3.22257e-22)
(0.997229 0.000914471 2.54044e-23)
(0.998435 0.000483036 -7.25501e-24)
(0.999069 0.000269128 -7.64321e-25)
(0.999467 0.000103782 2.59022e-24)
(0.796274 0.220327 7.63891e-21)
(0.912431 0.0525195 4.84016e-21)
(0.959774 0.019091 8.02964e-22)
(0.98127 0.00747273 -8.13224e-22)
(0.990644 0.00315298 -2.10844e-22)
(0.994965 0.00150666 2.74029e-22)
(0.99721 0.000776171 6.26721e-23)
(0.998423 0.000410002 5.37706e-23)
(0.99906 0.000228328 1.94177e-23)
(0.999461 8.80571e-05 4.92701e-24)
(0.762096 0.193856 -6.12029e-21)
(0.906911 0.0437253 -6.60388e-21)
(0.959016 0.0156225 -6.19778e-22)
(0.981061 0.00611513 9.27857e-22)
(0.990571 0.00257769 -8.33552e-22)
(0.994936 0.00123304 -3.87758e-23)
(0.997194 0.000635796 -1.15466e-22)
(0.998412 0.000335954 -1.61314e-23)
(0.999052 0.000186971 -4.28541e-23)
(0.999456 7.21242e-05 -7.21376e-24)
(0.735514 0.159826 6.92795e-21)
(0.902248 0.0343726 9.34406e-22)
(0.95842 0.012113 -2.48379e-21)
(0.980897 0.0047501 3.34323e-22)
(0.990513 0.00200103 3.3006e-22)
(0.994913 0.000958018 -8.04983e-23)
(0.997181 0.000494502 2.61483e-23)
(0.998404 0.000261408 -1.18728e-23)
(0.999047 0.000145337 9.59224e-24)
(0.999453 5.60692e-05 8.74559e-25)
(0.717448 0.119502 1.29183e-21)
(0.8986 0.0247425 2.86934e-23)
(0.95798 0.00862649 -7.04349e-22)
(0.980775 0.00339092 4.44498e-22)
(0.99047 0.00142774 8.49907e-23)
(0.994896 0.00068385 -5.79117e-23)
(0.997172 0.000353273 4.03248e-23)
(0.998397 0.000186722 -1.78709e-23)
(0.999042 0.000103576 2.04274e-23)
(0.99945 3.99667e-05 -3.10993e-24)
(0.707332 0.0740383 -3.69289e-21)
(0.896115 0.0149235 1.62434e-21)
(0.957692 0.0051647 9.2647e-22)
(0.980694 0.00203444 -3.10843e-22)
(0.990441 0.000856539 -5.02746e-23)
(0.994884 0.000410268 4.41763e-23)
(0.997165 0.000212304 -2.92805e-23)
(0.998393 0.000111988 -1.22648e-23)
(0.999039 6.16777e-05 -1.46071e-23)
(0.999448 2.38528e-05 -1.83552e-24)
(0.703198 0.0250971 -2.47329e-22)
(0.894867 0.00498938 -1.05975e-21)
(0.957551 0.00172054 -3.07979e-22)
(0.980655 0.000678226 2.54454e-23)
(0.990427 0.000286055 -5.00171e-23)
(0.994879 0.00013679 9.54273e-24)
(0.997162 7.13044e-05 -8.63457e-24)
(0.998391 3.72219e-05 -8.42135e-25)
(0.999038 1.96571e-05 2.71854e-25)
(0.999447 7.69629e-06 1.82255e-24)
)
;

boundaryField
{
    inlet
    {
        type            uniformFixedValue;
        uniformValue    constant (1 0 0);
        value           uniform (1 0 0);
    }
    outlet
    {
        type            pressureInletOutletVelocity;
        value           nonuniform List<vector> 
40
(
(0.999518 -0.000193675 0)
(0.999627 -0.000268933 0)
(0.99976 -0.000312081 0)
(0.999907 -0.000334106 0)
(1.00006 -0.00033192 0)
(1.0002 -0.000306794 0)
(1.00033 -0.000261328 0)
(1.00043 -0.000199128 0)
(1.0005 -0.000124512 0)
(1.00054 -4.23374e-05 0)
(0.999447 -8.46132e-06 2.11717e-24)
(0.999448 -2.45986e-05 -1.82226e-24)
(0.99945 -4.07422e-05 -2.45582e-24)
(0.999453 -5.686e-05 1.06323e-24)
(0.999456 -7.29168e-05 -4.54528e-24)
(0.999461 -8.88431e-05 6.80373e-24)
(0.999467 -0.000104572 2.31732e-24)
(0.999473 -0.000120277 2.8382e-24)
(0.99948 -0.000136422 -1.03698e-23)
(0.999487 -0.000152 7.38127e-25)
(0.999488 0.0001512 5.62885e-24)
(0.99948 0.000135609 -5.30448e-24)
(0.999473 0.000119475 4.9979e-24)
(0.999467 0.000103782 2.59022e-24)
(0.999461 8.80571e-05 4.92701e-24)
(0.999456 7.21242e-05 -7.21376e-24)
(0.999453 5.60692e-05 8.74559e-25)
(0.99945 3.99667e-05 -3.10993e-24)
(0.999448 2.38528e-05 -1.83552e-24)
(0.999447 7.69629e-06 1.82255e-24)
(1.00054 4.22766e-05 0)
(1.00051 0.000124462 0)
(1.00043 0.000199153 0)
(1.00033 0.000261308 0)
(1.0002 0.000306704 0)
(1.00006 0.000331776 0)
(0.999909 0.000333882 0)
(0.999761 0.000311727 0)
(0.999629 0.000268436 0)
(0.999519 0.000193169 0)
)
;
    }
    cylinder
    {
        type            fixedValue;
        value           uniform (0 0 0);
    }
    top
    {
        type            symmetryPlane;
    }
    bottom
    {
        type            symmetryPlane;
    }
    defaultFaces
    {
        type            empty;
    }
}


// ************************************************************************* //
