// smaller circle 
(5.000000e-01 0 0)
(3.535534e-01 3.535534e-01 0)
(3.061617e-17 5.000000e-01 0)
(-3.535534e-01 3.535534e-01 0)
(-5.000000e-01 6.123234e-17 0)
(-3.535534e-01 -3.535534e-01 0)
(-9.184851e-17 -5.000000e-01 0)
(3.535534e-01 -3.535534e-01 0)
// larger circle 
(1 0 0)
(7.071068e-01 7.071068e-01 0)
(6.123234e-17 1 0)
(-7.071068e-01 7.071068e-01 0)
(-1 1.224647e-16 0)
(-7.071068e-01 -7.071068e-01 0)
(-1.836970e-16 -1 0)
(7.071068e-01 -7.071068e-01 0)
// square 
(3.5 0 0)
(3.5 7.071068e-01 0)
(3.5 3.5 0)
(7.071068e-01 3.5 0 )
(0 3.5 0)
(-7.071068e-01 3.5 0)
(-3.5 3.5 0)
(-3.5 7.071068e-01 0)
(-3.5 0 0)
(-3.5 -7.071068e-01 0)
(-3.5 -3.5 0)
(-7.071068e-01 -3.5 0)
(0 -3.5 0)
(7.071068e-01 -3.5 0)
(3.5 -3.5 0)
(3.5 -7.071068e-01 0)
// smaller circle z != 0 
(5.000000e-01 0 .1)
(3.535534e-01 3.535534e-01 .1)
(3.061617e-17 5.000000e-01 .1)
(-3.535534e-01 3.535534e-01 .1)
(-5.000000e-01 6.123234e-17 .1)
(-3.535534e-01 -3.535534e-01 .1)
(-9.184851e-17 -5.000000e-01 .1)
(3.535534e-01 -3.535534e-01 .1)
// larger circle z != 0 
(1 0 .1)
(7.071068e-01 7.071068e-01 .1)
(6.123234e-17 1 .1)
(-7.071068e-01 7.071068e-01 .1)
(-1 1.224647e-16 .1)
(-7.071068e-01 -7.071068e-01 .1)
(-1.836970e-16 -1 .1)
(7.071068e-01 -7.071068e-01 .1)
// square z != 0
(-3.5 0 .1)
(-3.5 -7.071068e-01 .1)
(-3.5 -3.5 .1)
(-7.071068e-01 -3.5 .1)
(0 -3.5 .1)
(7.071068e-01 -3.5 .1)
(3.5 -3.5 .1)
(3.5 -7.071068e-01 .1)
