/*--------------------------------*- C++ -*----------------------------------*\
  =========                 |
  \\      /  F ield         | OpenFOAM: The Open Source CFD Toolbox
   \\    /   O peration     | Website:  https://openfoam.org
    \\  /    A nd           | Version:  6.0
     \\/     M anipulation  |
\*---------------------------------------------------------------------------*/
FoamFile
{
    version     2.0;
    format      ascii;
    class       volVectorField;
    location    "5";
    object      U;
}
// * * * * * * * * * * * * * * * * * * * * * * * * * * * * * * * * * * * * * //

dimensions      [0 1 -1 0 0 0 0];

internalField   nonuniform List<vector> 
2000
(
(-0.00824226 0.00747692 6.68005e-20)
(-0.0318091 0.0141002 6.44613e-20)
(-0.0651802 0.0164001 -5.7676e-20)
(-0.0979089 0.0165261 -1.12427e-19)
(-0.126709 0.0154961 -7.60993e-20)
(-0.150899 0.0138456 9.80351e-20)
(-0.170434 0.0118732 5.67016e-20)
(-0.186292 0.00975544 -2.15855e-20)
(-0.199303 0.0076488 -5.46632e-20)
(-0.204828 0.00578544 2.98252e-20)
(-0.00947156 0.0214465 -1.65279e-19)
(-0.0325273 0.0407849 1.8577e-19)
(-0.0633424 0.0477047 1.8364e-20)
(-0.092874 0.0482287 -9.67147e-20)
(-0.118202 0.0452695 4.44444e-19)
(-0.138682 0.0403885 -1.90092e-19)
(-0.154207 0.0344744 -2.02817e-19)
(-0.165663 0.0280644 2.39457e-19)
(-0.174044 0.0216449 -2.33365e-19)
(-0.174982 0.0159718 8.69077e-20)
(-0.0116522 0.032693 2.743e-20)
(-0.0338896 0.0631857 7.39196e-21)
(-0.0601073 0.0747148 5.21121e-19)
(-0.0837566 0.0760328 1.76123e-19)
(-0.10264 0.0715489 3.54252e-20)
(-0.116252 0.0637076 2.71571e-19)
(-0.124439 0.0539414 -5.03795e-19)
(-0.127907 0.0431467 9.61997e-21)
(-0.127913 0.0321568 -2.87683e-19)
(-0.120847 0.0223924 2.38152e-19)
(-0.0143343 0.0401029 -5.13388e-20)
(-0.0357694 0.0792371 2.38953e-19)
(-0.056228 0.0950766 -6.56476e-19)
(-0.0721993 0.0976148 -8.26291e-20)
(-0.0825067 0.0921956 -4.49011e-19)
(-0.0869607 0.0819065 4.53736e-19)
(-0.0854643 0.0686057 -4.70075e-19)
(-0.0785097 0.053491 3.21049e-19)
(-0.0675498 0.0377029 1.31698e-19)
(-0.0504933 0.0234266 -1.14711e-19)
(-0.0170722 0.0434117 -5.59575e-19)
(-0.0380333 0.0879292 2.09042e-21)
(-0.0525514 0.107195 7.99679e-19)
(-0.0600802 0.11108 2.36828e-19)
(-0.060633 0.105282 -7.08286e-19)
(-0.0545079 0.0932317 4.25072e-19)
(-0.0418227 0.0770241 4.84776e-19)
(-0.0228752 0.0580321 -4.21335e-19)
(0.000985083 0.0376065 2.97883e-19)
(0.0295947 0.0186294 5.40226e-20)
(-0.019601 0.0431901 7.75222e-20)
(-0.040577 0.0894615 1.17079e-20)
(-0.0497078 0.110516 -1.00084e-18)
(-0.0488492 0.115263 -5.42515e-19)
(-0.0391849 0.109298 6.279e-19)
(-0.0215718 0.0961088 -7.13937e-19)
(0.00357107 0.0778152 8.13679e-19)
(0.0360545 0.0558043 -6.20916e-20)
(0.0750649 0.0315675 -2.18793e-19)
(0.118252 0.00857711 -4.85479e-19)
(-0.0219263 0.0405903 -1.55281e-19)
(-0.0432807 0.0851113 -2.31773e-19)
(-0.047682 0.10569 -2.73997e-19)
(-0.0386056 0.110129 5.64669e-19)
(-0.0181817 0.103686 1.02706e-18)
(0.012282 0.0897011 -2.00483e-19)
(0.0521276 0.0701631 -5.09735e-19)
(0.101099 0.0463318 1.49739e-19)
(0.158935 0.0198128 -9.6478e-19)
(0.223092 -0.0048329 7.79786e-19)
(-0.024256 0.0369258 9.41404e-19)
(-0.0458035 0.0767905 -4.09885e-19)
(-0.0452795 0.0944475 7.90955e-19)
(-0.0270644 0.0970339 -1.23791e-18)
(0.00614621 0.089463 -5.8051e-19)
(0.0528208 0.074848 -7.87779e-19)
(0.112115 0.0550093 2.15795e-19)
(0.183301 0.0310317 -6.41777e-19)
(0.265276 0.00432306 1.36195e-18)
(0.36001 -0.0172446 2.89427e-19)
(-0.0267674 0.0332248 4.79026e-20)
(-0.0472269 0.066407 6.69076e-19)
(-0.0396506 0.0791302 1.26317e-18)
(-0.00890272 0.0785812 3.8547e-19)
(0.0420789 0.069482 1.08701e-18)
(0.111489 0.0547662 6.06926e-20)
(0.197699 0.0361514 -1.78494e-20)
(0.29853 0.0146668 4.121e-19)
(0.409114 -0.0093129 3.66472e-19)
(0.540452 -0.0217374 -8.52359e-19)
(-0.0293123 0.0299266 -5.19035e-19)
(-0.0457365 0.0552887 -7.29337e-19)
(-0.026228 0.0620476 -1.03257e-18)
(0.0237978 0.0580578 1.19136e-20)
(0.100944 0.0480683 -4.97166e-19)
(0.202111 0.0349364 7.6035e-19)
(0.322951 0.0202294 -2.07401e-18)
(0.457946 0.00497315 9.17865e-19)
(0.596659 -0.0110575 3.68639e-19)
(0.752903 -0.0137779 8.63255e-19)
(-0.0312365 0.0268519 2.6272e-19)
(-0.0386119 0.0439391 -8.10465e-19)
(0.000623582 0.0449886 6.91303e-19)
(0.0796946 0.0387684 -2.61875e-19)
(0.193289 0.0301616 2.72964e-19)
(0.334447 0.0218474 5.88297e-19)
(0.493226 0.0147918 -7.61678e-19)
(0.659101 0.00949697 1.0642e-19)
(0.817733 0.00714486 -3.47957e-19)
(0.963595 -0.00214092 4.51258e-19)
(-0.0314126 0.0234558 3.51709e-19)
(-0.0225316 0.0322716 -7.15949e-19)
(0.046575 0.0292493 9.42353e-19)
(0.165825 0.023799 -5.70087e-19)
(0.324594 0.0205719 -1.99345e-19)
(0.50805 0.0212576 1.13467e-19)
(0.698378 0.0251172 6.27356e-20)
(0.880675 0.031664 7.64651e-19)
(1.03535 0.0370127 2.20632e-19)
(1.17903 0.0413111 6.17991e-19)
(-0.0284088 0.0192241 -3.06542e-19)
(0.00608282 0.0202486 9.10184e-19)
(0.116538 0.0162937 -7.40354e-19)
(0.285807 0.016435 -8.46988e-19)
(0.492426 0.0236509 1.1318e-18)
(0.71011 0.0368801 -8.35721e-19)
(0.914431 0.0526624 2.12007e-19)
(1.08915 0.0685017 -1.17323e-18)
(1.22218 0.0792285 8.47339e-19)
(1.3306 0.0899564 2.4778e-20)
(-0.0206487 0.0140057 -3.93399e-19)
(0.0508001 0.00861443 -3.25851e-19)
(0.213944 0.00862666 -6.72258e-19)
(0.438126 0.0204826 7.71367e-19)
(0.685008 0.0424545 -3.77325e-20)
(0.917661 0.0688465 4.69277e-19)
(1.11149 0.0936147 8.12322e-19)
(1.25663 0.113433 -2.40577e-19)
(1.35299 0.125005 -7.56955e-19)
(1.41476 0.134125 1.16438e-18)
(-0.00650966 0.00816477 -2.03742e-19)
(0.114765 -0.000624324 -2.05274e-19)
(0.33937 0.0100959 3.64464e-19)
(0.614256 0.0394306 -6.42483e-19)
(0.882505 0.077206 1.04276e-19)
(1.10494 0.113172 9.10807e-20)
(1.26659 0.140945 2.65603e-20)
(1.37017 0.158918 -1.46085e-20)
(1.42644 0.166496 -9.4892e-20)
(1.45297 0.170922 -9.70352e-19)
(0.0155732 0.00258554 8.38663e-19)
(0.199879 -0.00415984 -4.94852e-19)
(0.488552 0.0249824 6.4672e-21)
(0.798691 0.0745409 -6.94108e-19)
(1.06307 0.124555 -2.358e-19)
(1.25365 0.163606 2.16061e-19)
(1.37236 0.188376 1.4943e-19)
(1.4348 0.200597 -5.24596e-19)
(1.4592 0.202688 3.99209e-19)
(1.46131 0.202453 -4.07519e-19)
(0.0469136 -0.00136862 3.68264e-19)
(0.305601 0.00215876 -2.87127e-19)
(0.651373 0.0561386 1.10241e-18)
(0.973219 0.123773 1.08821e-19)
(1.21105 0.179203 2.3411e-19)
(1.3586 0.214936 9.77214e-19)
(1.43504 0.232883 -1.47805e-19)
(1.46449 0.238088 1.16351e-19)
(1.46672 0.234871 4.17265e-20)
(1.45578 0.230899 -4.90311e-20)
(0.0882667 -0.00190631 2.67168e-19)
(0.42782 0.0223279 5.31437e-19)
(0.81382 0.103552 -5.41232e-19)
(1.12333 0.18292 -1.72023e-19)
(1.32091 0.236553 -1.98057e-19)
(1.4245 0.264579 2.94186e-19)
(1.46571 0.274172 -1.42234e-19)
(1.47158 0.272517 3.69227e-19)
(1.4602 0.264915 1.17015e-19)
(1.44178 0.257808 -1.51884e-19)
(0.139445 0.00306171 -2.90804e-19)
(0.558645 0.0588443 2.23622e-19)
(0.9624 0.164597 -4.42142e-19)
(1.24165 0.247679 1.78032e-19)
(1.39464 0.293826 -1.73602e-19)
(1.45951 0.31183 -2.01421e-19)
(1.47418 0.312845 -1.50562e-19)
(1.46461 0.305004 1.61827e-19)
(1.44536 0.293732 -2.92984e-19)
(1.4237 0.283744 1.41508e-19)
(0.198975 0.0156197 -1.07476e-19)
(0.687886 0.11174 -1.77461e-19)
(1.08764 0.235436 7.96149e-20)
(1.32688 0.314693 5.9283e-21)
(1.43749 0.349573 5.70866e-20)
(1.47129 0.356674 7.1646e-20)
(1.46753 0.34953 6.15464e-20)
(1.44863 0.336246 -7.94797e-20)
(1.42532 0.321827 6.53859e-20)
(1.40234 0.308866 -8.06588e-20)
(0.26395 0.0373947 -6.87762e-20)
(0.805645 0.178675 -2.37416e-20)
(1.18471 0.312135 7.55528e-20)
(1.38115 0.381492 -3.36681e-20)
(1.4551 0.402959 7.64213e-20)
(1.46582 0.399179 -9.3101e-20)
(1.45026 0.384535 2.119e-20)
(1.42634 0.366427 2.08577e-20)
(1.4013 0.349047 -8.38442e-21)
(1.37837 0.332894 2.51475e-20)
(0.330231 0.0691072 -8.22091e-20)
(0.904358 0.255831 -2.84624e-19)
(1.25228 0.39105 -1.76464e-20)
(1.40793 0.446167 4.58147e-21)
(1.45245 0.45334 -2.70338e-19)
(1.44731 0.43921 3.36987e-20)
(1.42505 0.417771 -2.72196e-20)
(1.39904 0.395303 -6.33137e-20)
(1.37379 0.374991 1.30394e-19)
(1.35181 0.355435 -1.86848e-19)
(0.393008 0.110291 -4.62086e-20)
(0.979378 0.33883 6.07748e-19)
(1.29118 0.468888 6.5079e-20)
(1.41096 0.507095 -4.35517e-19)
(1.43346 0.500017 -4.24466e-20)
(1.41855 0.476337 -3.43498e-19)
(1.39342 0.448775 2.38854e-19)
(1.36737 0.422294 -8.5137e-20)
(1.34299 0.399005 1.49335e-19)
(1.32264 0.375985 -9.14043e-20)
(0.447571 0.159275 -2.60561e-19)
(1.0286 0.42329 2.19885e-19)
(1.30349 0.542701 -1.27534e-19)
(1.39377 0.562782 8.59688e-19)
(1.40116 0.542148 3.72258e-19)
(1.38141 0.50985 -8.2058e-20)
(1.35626 0.476795 2.71282e-19)
(1.33167 0.446601 -1.7082e-19)
(1.30906 0.42034 -4.96826e-20)
(1.29101 0.394006 2.59072e-19)
(0.490011 0.213394 -4.69734e-19)
(1.05182 0.50507 5.21535e-19)
(1.29189 0.609863 -8.49158e-19)
(1.3595 0.611787 1.18855e-19)
(1.35788 0.578745 2.09641e-19)
(1.33723 0.538834 -2.97832e-19)
(1.31423 0.500905 -3.55492e-19)
(1.29231 0.467303 1.61174e-19)
(1.27228 0.438193 -1.95778e-19)
(1.25706 0.408946 2.11879e-19)
(0.51764 0.269327 -1.18134e-19)
(1.05017 0.580359 -5.20658e-19)
(1.25937 0.668025 2.56547e-19)
(1.31096 0.652686 3.8441e-19)
(1.30554 0.608706 -2.08413e-19)
(1.28713 0.56227 -1.45732e-19)
(1.26802 0.520131 -1.19153e-19)
(1.24987 0.483462 -5.42857e-20)
(1.2333 0.451729 -3.63376e-21)
(1.2216 0.420161 1.36645e-19)
(0.529126 0.323477 1.42405e-19)
(1.02569 0.645735 -5.66154e-19)
(1.20893 0.715089 7.43593e-19)
(1.25063 0.684043 -4.00415e-19)
(1.24576 0.630789 1.21427e-19)
(1.23211 0.579009 -1.51657e-19)
(1.21842 0.533447 1.53109e-19)
(1.20526 0.49416 7.51689e-20)
(1.19333 0.460115 9.79175e-20)
(1.18603 0.42696 -1.33294e-19)
(0.524437 0.372344 -4.24709e-19)
(0.981082 0.698266 6.1533e-19)
(1.14359 0.749261 -2.73111e-20)
(1.18072 0.704475 -1.38912e-19)
(1.17979 0.643594 -1.55139e-19)
(1.17284 0.587571 3.02508e-20)
(1.166 0.539371 -8.58234e-20)
(1.15942 0.498012 1.77892e-20)
(1.15387 0.462188 -2.92182e-20)
(1.15201 0.428581 7.52372e-21)
(0.504672 0.41284 5.22012e-19)
(0.919576 0.735636 -1.71252e-19)
(1.06637 0.769216 -1.05486e-19)
(1.10324 0.712952 2.56537e-19)
(1.10865 0.64594 -1.41248e-19)
(1.10955 0.586321 8.43134e-21)
(1.11055 0.535608 -6.95327e-20)
(1.11215 0.492099 -3.70802e-20)
(1.1148 0.455011 -5.19058e-20)
(1.11862 0.423191 1.63483e-20)
(0.471841 0.442479 -3.62054e-19)
(0.844792 0.756184 1.61591e-19)
(0.980394 0.774183 -8.28261e-20)
(1.02032 0.709159 -4.35618e-20)
(1.03345 0.637748 4.53349e-21)
(1.04241 0.575062 1.78716e-19)
(1.05123 0.521075 -5.53656e-20)
(1.06137 0.473282 4.95134e-20)
(1.07223 0.432383 8.03549e-20)
(1.07921 0.403547 2.33254e-19)
(0.428598 0.459428 1.67312e-20)
(0.760632 0.758803 -3.83249e-20)
(0.888974 0.763708 3.46793e-19)
(0.934419 0.69317 -6.83352e-20)
(0.956059 0.619999 4.07426e-19)
(0.972759 0.556362 2.51712e-19)
(0.988348 0.500562 -5.60966e-19)
(1.00533 0.448156 8.40069e-19)
(1.02191 0.396747 -1.75054e-19)
(1.02275 0.353958 2.99719e-19)
(0.377957 0.462503 -6.05765e-20)
(0.671085 0.742883 -1.54534e-19)
(0.795466 0.737403 1.63547e-19)
(0.848348 0.664508 -2.83078e-19)
(0.879308 0.592292 -9.18705e-19)
(0.904044 0.530865 -3.65801e-19)
(0.925895 0.478482 -3.00537e-19)
(0.946588 0.432326 1.51933e-19)
(0.961954 0.392593 1.17475e-18)
(0.959842 0.363562 -2.09722e-19)
(0.323062 0.45119 1.16535e-19)
(0.580025 0.708445 -4.09162e-19)
(0.703014 0.695356 9.53142e-20)
(0.764595 0.622825 -6.54251e-19)
(0.805614 0.552912 1.36625e-18)
(0.839421 0.493457 -1.55716e-19)
(0.868873 0.442119 6.92475e-19)
(0.895052 0.396178 -9.32868e-19)
(0.91423 0.356705 2.89483e-19)
(0.917762 0.330339 3.89027e-20)
(0.267048 0.425609 7.03e-20)
(0.491184 0.656131 4.57365e-19)
(0.614581 0.638357 -1.45047e-18)
(0.685132 0.569408 6.5928e-19)
(0.735559 0.504735 2.93609e-21)
(0.777348 0.450599 -2.0911e-19)
(0.813343 0.404719 2.53034e-19)
(0.844732 0.364476 -2.37712e-19)
(0.868669 0.329721 -7.79691e-19)
(0.878909 0.30426 -1.88613e-19)
(0.212897 0.386407 3.08149e-19)
(0.408104 0.586956 3.20335e-19)
(0.533282 0.566958 1.2654e-18)
(0.612983 0.503797 -6.74221e-19)
(0.672663 0.445455 1.31945e-18)
(0.722172 0.396702 -2.71255e-19)
(0.764362 0.35548 -2.69007e-19)
(0.800813 0.319831 3.03093e-19)
(0.829685 0.289737 1.91623e-19)
(0.846304 0.267704 6.01591e-19)
(0.163282 0.334781 -3.57425e-19)
(0.333754 0.50267 9.22439e-20)
(0.461267 0.482914 2.76064e-20)
(0.549344 0.428082 7.00741e-19)
(0.617269 0.378203 -1.65608e-18)
(0.673692 0.336817 2.72702e-19)
(0.721494 0.301991 5.55372e-19)
(0.762522 0.271932 -6.4639e-19)
(0.795876 0.246329 2.19042e-19)
(0.818452 0.226887 -8.82079e-19)
(0.120601 0.272346 7.84217e-20)
(0.270948 0.405291 3.62234e-19)
(0.400996 0.387706 1.37158e-19)
(0.496368 0.34294 1.70184e-19)
(0.571288 0.302594 3.04385e-19)
(0.633532 0.269243 8.47235e-19)
(0.686087 0.241339 -9.88534e-19)
(0.731048 0.217456 -5.27044e-19)
(0.768318 0.197133 8.56021e-20)
(0.796063 0.181334 5.77223e-19)
(0.0868018 0.201095 -4.76367e-19)
(0.221839 0.297337 -4.69671e-20)
(0.354162 0.283594 -3.7986e-19)
(0.455355 0.250521 5.01647e-20)
(0.535774 0.220928 -2.88645e-19)
(0.602564 0.196527 -3.11979e-19)
(0.658801 0.176156 -4.38908e-19)
(0.706815 0.158767 1.12965e-18)
(0.747222 0.143934 1.84976e-19)
(0.779162 0.132209 -2.47542e-19)
(0.0634055 0.123325 2.57122e-19)
(0.188134 0.181582 2.91361e-19)
(0.322149 0.172849 1.07018e-19)
(0.427384 0.152548 -5.47817e-19)
(0.511591 0.134466 -2.39725e-19)
(0.581509 0.119589 -4.95422e-20)
(0.640276 0.107199 9.10331e-20)
(0.690392 0.0966503 7.00537e-20)
(0.732996 0.0876378 -5.12117e-19)
(0.767881 0.0804363 2.56895e-19)
(0.0514465 0.0415572 -1.35749e-19)
(0.170992 0.0610617 -1.30541e-19)
(0.305909 0.0580693 9.83589e-20)
(0.413215 0.0512271 8.18598e-20)
(0.49935 0.045146 7.93448e-20)
(0.570858 0.040147 1.13515e-19)
(0.630911 0.0359885 -6.84278e-21)
(0.682103 0.0324525 -1.35753e-19)
(0.725845 0.02943 1.22639e-19)
(0.762253 0.0270039 -1.60586e-19)
(0.0514466 -0.0415594 -1.37333e-19)
(0.170992 -0.061065 -1.25193e-19)
(0.30591 -0.0580727 1.08418e-19)
(0.413215 -0.0512302 1.98188e-19)
(0.49935 -0.0451489 1.2322e-19)
(0.570858 -0.0401498 -1.54463e-19)
(0.630911 -0.0359911 -7.84621e-20)
(0.682103 -0.0324549 3.4046e-20)
(0.725845 -0.0294324 7.16623e-20)
(0.762253 -0.027006 -3.70147e-20)
(0.0634057 -0.123328 3.263e-19)
(0.188134 -0.181586 -3.47794e-19)
(0.32215 -0.172852 -2.77941e-20)
(0.427385 -0.152551 1.71162e-19)
(0.511591 -0.134469 -7.27258e-19)
(0.581509 -0.119592 2.93853e-19)
(0.640276 -0.107202 2.86068e-19)
(0.690393 -0.0966528 -3.242e-19)
(0.732996 -0.0876401 2.9643e-19)
(0.767882 -0.0804385 -1.14968e-19)
(0.0868022 -0.201097 -5.46298e-20)
(0.221839 -0.297341 -1.56148e-21)
(0.354162 -0.283597 -8.81818e-19)
(0.455356 -0.250524 -2.59209e-19)
(0.535774 -0.220931 -2.06921e-20)
(0.602564 -0.19653 -3.82285e-19)
(0.658802 -0.176159 6.79804e-19)
(0.706816 -0.158769 -2.51703e-20)
(0.747223 -0.143936 3.58774e-19)
(0.779162 -0.132211 -2.7088e-19)
(0.120601 -0.272348 9.11885e-20)
(0.270949 -0.405294 -3.60662e-19)
(0.400997 -0.387709 1.05714e-18)
(0.496369 -0.342943 1.42962e-19)
(0.571289 -0.302597 6.51289e-19)
(0.633533 -0.269246 -5.99167e-19)
(0.686088 -0.241341 6.0098e-19)
(0.731049 -0.217459 -4.18797e-19)
(0.768319 -0.197135 -1.78787e-19)
(0.796063 -0.181336 1.28309e-19)
(0.163283 -0.334783 7.79147e-19)
(0.333756 -0.502673 1.8188e-20)
(0.461268 -0.482917 -1.08536e-18)
(0.549345 -0.428085 -2.96181e-19)
(0.617271 -0.378206 9.42755e-19)
(0.673693 -0.33682 -5.2305e-19)
(0.721495 -0.301993 -5.71922e-19)
(0.762524 -0.271934 4.97624e-19)
(0.795877 -0.246331 -3.23771e-19)
(0.818453 -0.226889 -6.14401e-20)
(0.212898 -0.386409 -1.19211e-19)
(0.408106 -0.58696 -7.43361e-21)
(0.533283 -0.566961 1.13389e-18)
(0.612985 -0.5038 6.26868e-19)
(0.672665 -0.445457 -7.00072e-19)
(0.722174 -0.396705 8.1377e-19)
(0.764363 -0.355482 -8.2751e-19)
(0.800815 -0.319833 8.40336e-20)
(0.829686 -0.289739 2.31599e-19)
(0.846305 -0.267706 4.58343e-19)
(0.267049 -0.425611 1.00837e-19)
(0.491186 -0.656134 1.41029e-19)
(0.614583 -0.63836 1.60505e-19)
(0.685134 -0.56941 -5.54979e-19)
(0.735561 -0.504737 -9.4774e-19)
(0.777349 -0.450601 1.9389e-19)
(0.813344 -0.404721 5.37201e-19)
(0.844733 -0.364478 -1.47434e-19)
(0.86867 -0.329723 8.3991e-19)
(0.87891 -0.304262 -7.15996e-19)
(0.323064 -0.451192 -5.3922e-19)
(0.580028 -0.708448 1.26397e-19)
(0.703016 -0.695359 -5.61877e-19)
(0.764598 -0.622828 8.87006e-19)
(0.805616 -0.552914 4.36105e-19)
(0.839423 -0.493459 5.82191e-19)
(0.868875 -0.442121 -1.24055e-19)
(0.895054 -0.39618 4.89226e-19)
(0.914231 -0.356707 -1.00065e-18)
(0.917763 -0.33034 -2.27264e-19)
(0.377958 -0.462505 1.14482e-19)
(0.671088 -0.742886 -2.43654e-19)
(0.795469 -0.737406 -4.48974e-19)
(0.848351 -0.664511 -2.46217e-19)
(0.879311 -0.592294 -6.34815e-19)
(0.904047 -0.530867 -6.93689e-20)
(0.925897 -0.478484 5.67212e-20)
(0.94659 -0.432327 -2.13606e-19)
(0.961956 -0.392594 -2.42147e-19)
(0.959844 -0.363563 5.46049e-19)
(0.4286 -0.45943 2.27919e-20)
(0.760635 -0.758806 7.15489e-20)
(0.888977 -0.76371 3.43795e-19)
(0.934422 -0.693172 4.86093e-20)
(0.956061 -0.620001 2.54243e-19)
(0.972762 -0.556363 -3.15748e-19)
(0.98835 -0.500563 9.4648e-19)
(1.00534 -0.448157 -4.00092e-19)
(1.02192 -0.396748 -1.966e-19)
(1.02275 -0.353959 -5.11314e-19)
(0.471843 -0.442481 5.4983e-22)
(0.844795 -0.756187 -1.41487e-19)
(0.980398 -0.774185 4.92079e-20)
(1.02032 -0.709161 2.7254e-20)
(1.03345 -0.63775 -4.04661e-20)
(1.04241 -0.575064 -1.33922e-19)
(1.05124 -0.521076 1.67932e-19)
(1.06138 -0.473283 -7.06272e-20)
(1.07223 -0.432384 7.77438e-20)
(1.07921 -0.403548 -1.36272e-19)
(0.504674 -0.412842 1.72689e-19)
(0.91958 -0.735638 -3.58038e-19)
(1.06637 -0.769218 2.73677e-19)
(1.10325 -0.712953 -3.49463e-20)
(1.10865 -0.645942 -6.28103e-20)
(1.10955 -0.586322 2.54436e-20)
(1.11055 -0.535609 -2.47538e-21)
(1.11215 -0.4921 -8.73024e-20)
(1.1148 -0.455012 -5.69294e-20)
(1.11862 -0.423192 -8.87866e-20)
(0.52444 -0.372346 -2.35374e-19)
(0.981086 -0.698268 6.24059e-19)
(1.14359 -0.749263 -3.30421e-19)
(1.18072 -0.704476 -1.84782e-19)
(1.17979 -0.643595 2.1561e-19)
(1.17284 -0.587571 -7.92923e-20)
(1.166 -0.539372 2.75042e-20)
(1.15943 -0.498012 -2.94632e-20)
(1.15388 -0.462189 7.58384e-21)
(1.15201 -0.428581 4.51729e-21)
(0.52913 -0.323479 -3.9098e-19)
(1.02569 -0.645737 -2.45164e-19)
(1.20893 -0.715091 -4.10464e-19)
(1.25064 -0.684044 4.52739e-19)
(1.24576 -0.630789 -1.91139e-20)
(1.23211 -0.57901 1.42419e-19)
(1.21842 -0.533448 1.88996e-19)
(1.20526 -0.49416 -6.06519e-20)
(1.19333 -0.460115 -9.89625e-20)
(1.18603 -0.42696 1.48846e-19)
(0.517643 -0.269329 -2.26372e-19)
(1.05017 -0.580361 -2.3266e-19)
(1.25937 -0.668027 2.87758e-19)
(1.31096 -0.652687 -4.17013e-19)
(1.30555 -0.608706 7.67214e-20)
(1.28714 -0.56227 3.74279e-20)
(1.26803 -0.520131 4.96332e-20)
(1.24987 -0.483462 -2.92384e-20)
(1.23331 -0.451728 -4.43619e-20)
(1.22161 -0.42016 -2.5218e-19)
(0.490015 -0.213396 9.2163e-19)
(1.05183 -0.505072 -5.40323e-19)
(1.2919 -0.609864 1.18854e-20)
(1.3595 -0.611788 -5.59147e-19)
(1.35788 -0.578745 -1.38703e-19)
(1.33724 -0.538833 1.20267e-19)
(1.31423 -0.500905 7.84673e-20)
(1.29231 -0.467302 -2.58307e-19)
(1.27229 -0.438192 1.40477e-19)
(1.25706 -0.408945 -1.76117e-19)
(0.447575 -0.159276 4.16876e-19)
(1.02861 -0.423292 -3.06084e-19)
(1.30349 -0.542702 1.0565e-18)
(1.39377 -0.562782 6.40305e-20)
(1.40116 -0.542147 1.9267e-19)
(1.38141 -0.509848 6.45667e-19)
(1.35626 -0.476794 -1.22697e-19)
(1.33167 -0.4466 4.06262e-20)
(1.30906 -0.420339 -4.30222e-21)
(1.29101 -0.394005 -2.48402e-20)
(0.393012 -0.110292 2.95176e-19)
(0.979386 -0.338832 5.77469e-19)
(1.29118 -0.468888 -5.14231e-19)
(1.41097 -0.507094 -1.26242e-19)
(1.43347 -0.500015 -1.30774e-19)
(1.41855 -0.476335 2.44243e-19)
(1.39342 -0.448773 -1.0945e-19)
(1.36737 -0.422291 2.54494e-19)
(1.34299 -0.399003 6.56488e-20)
(1.32265 -0.375983 -8.97998e-20)
(0.330236 -0.0691077 -3.18596e-19)
(0.904366 -0.255832 2.3016e-19)
(1.25229 -0.39105 -4.46966e-19)
(1.40793 -0.446166 1.68222e-19)
(1.45246 -0.453338 -1.54801e-19)
(1.44731 -0.439207 -1.69785e-19)
(1.42505 -0.417769 -1.23418e-19)
(1.39905 -0.3953 1.32054e-19)
(1.37379 -0.374988 -2.27853e-19)
(1.35181 -0.355432 1.1363e-19)
(0.263954 -0.037395 -1.12571e-19)
(0.805654 -0.178675 -1.82587e-19)
(1.18472 -0.312135 8.1103e-20)
(1.38115 -0.38149 6.91603e-21)
(1.45511 -0.402957 5.33858e-20)
(1.46583 -0.399175 6.89653e-20)
(1.45026 -0.384532 5.50028e-20)
(1.42635 -0.366424 -7.24539e-20)
(1.4013 -0.349043 5.80691e-20)
(1.37838 -0.33289 -7.22917e-20)
(0.198979 -0.0156197 -6.49123e-20)
(0.687896 -0.11174 -2.09578e-20)
(1.08765 -0.235435 7.62346e-20)
(1.32689 -0.314691 -3.36273e-20)
(1.43749 -0.349569 8.21059e-20)
(1.4713 -0.35667 -9.82838e-20)
(1.46753 -0.349526 2.45519e-20)
(1.44864 -0.336242 1.99575e-20)
(1.42533 -0.321822 -6.95373e-21)
(1.40234 -0.308861 2.47456e-20)
(0.139449 -0.00306146 -7.01336e-20)
(0.558655 -0.0588442 -2.68685e-19)
(0.962412 -0.164596 -2.09981e-20)
(1.24166 -0.247677 7.35911e-21)
(1.39465 -0.293823 -3.07678e-19)
(1.45952 -0.311826 3.13084e-20)
(1.47419 -0.312839 -3.14863e-20)
(1.46462 -0.304999 -7.92615e-20)
(1.44536 -0.293726 1.67717e-19)
(1.4237 -0.283739 -2.40015e-19)
(0.0882696 0.00190669 -3.67665e-20)
(0.427829 -0.0223272 5.65534e-19)
(0.813833 -0.103551 7.75836e-20)
(1.12334 -0.182918 -4.61246e-19)
(1.32092 -0.236549 -5.59506e-20)
(1.42451 -0.264574 -4.58662e-19)
(1.46572 -0.274166 3.36992e-19)
(1.47158 -0.272511 -1.27547e-19)
(1.46021 -0.264908 2.35698e-19)
(1.44178 -0.257802 -1.58638e-19)
(0.0469159 0.00136905 -2.29559e-19)
(0.30561 -0.0021577 2.20327e-19)
(0.651386 -0.0561372 -1.47988e-19)
(0.973234 -0.12377 9.99101e-19)
(1.21107 -0.179199 5.00313e-19)
(1.35861 -0.21493 -1.20962e-19)
(1.43504 -0.232876 4.57935e-19)
(1.46449 -0.238081 -2.80659e-19)
(1.46673 -0.234863 -7.96145e-20)
(1.45578 -0.230891 4.85406e-19)
(0.0155749 -0.00258515 -4.24619e-19)
(0.199886 0.00416109 5.19674e-19)
(0.488565 -0.0249807 -9.65278e-19)
(0.798707 -0.0745384 1.57419e-19)
(1.06308 -0.124551 3.81506e-19)
(1.25367 -0.163601 -4.57149e-19)
(1.37237 -0.188369 -7.63876e-19)
(1.43481 -0.200589 3.93706e-19)
(1.45921 -0.202679 -4.70353e-19)
(1.46131 -0.202444 5.83688e-19)
(-0.00650852 -0.00816448 -1.03479e-19)
(0.114771 0.000625507 -5.33545e-19)
(0.339382 -0.0100941 2.47801e-19)
(0.614272 -0.039428 6.0696e-19)
(0.882522 -0.0772023 -3.11234e-19)
(1.10495 -0.113167 -2.95592e-19)
(1.2666 -0.140938 -4.81842e-19)
(1.37018 -0.158909 -1.95351e-19)
(1.42645 -0.166486 -3.16865e-20)
(1.45298 -0.170911 5.74965e-19)
(-0.0206481 -0.0140057 1.73708e-19)
(0.0508042 -0.00861364 -7.2124e-19)
(0.213953 -0.00862517 1.19463e-18)
(0.438141 -0.0204803 -6.28886e-19)
(0.685027 -0.0424509 4.03338e-19)
(0.917681 -0.0688414 -4.78428e-19)
(1.11151 -0.0936077 5.13681e-19)
(1.25664 -0.113424 4.2801e-19)
(1.353 -0.124995 8.32912e-19)
(1.41477 -0.134113 -1.06257e-18)
(-0.0284086 -0.0192243 -5.36564e-19)
(0.00608552 -0.0202486 9.2364e-19)
(0.116545 -0.016293 1.73294e-20)
(0.28582 -0.0164333 -3.00992e-19)
(0.492445 -0.0236478 -1.46228e-19)
(0.710132 -0.0368752 1.19763e-19)
(0.914454 -0.0526555 -8.42754e-19)
(1.08917 -0.0684927 5.98564e-19)
(1.2222 -0.0792177 -7.53818e-19)
(1.33061 -0.0899434 -2.41182e-19)
(-0.0314128 -0.0234566 9.45116e-19)
(-0.0225301 -0.0322728 -2.44386e-19)
(0.0465805 -0.0292501 -4.55258e-19)
(0.165836 -0.0237985 1.18076e-18)
(0.324611 -0.0205696 -1.12414e-18)
(0.508071 -0.0212531 6.13031e-19)
(0.698403 -0.0251104 6.34505e-19)
(0.8807 -0.0316547 1.63985e-19)
(1.03537 -0.0370011 1.6475e-19)
(1.17905 -0.0412966 -1.56674e-19)
(-0.0312373 -0.0268535 -9.23275e-19)
(-0.0386115 -0.0439418 7.44029e-19)
(0.000627433 -0.044991 -6.2804e-19)
(0.0797034 -0.0387694 7.69096e-19)
(0.193303 -0.0301604 -2.18023e-19)
(0.334467 -0.0218435 -7.62332e-19)
(0.493251 -0.0147849 2.10907e-19)
(0.659129 -0.00948691 -3.20763e-19)
(0.817762 -0.00713184 -3.5663e-19)
(0.963623 0.00215882 -8.1315e-19)
(-0.0293137 -0.029929 -1.20886e-18)
(-0.0457373 -0.0552929 7.99274e-19)
(-0.0262258 -0.0620516 -1.50778e-18)
(0.0238043 -0.0580599 2.60033e-19)
(0.100956 -0.0480677 -9.82845e-19)
(0.202128 -0.0349325 -5.86815e-19)
(0.322974 -0.020222 1.37619e-18)
(0.457974 -0.00496217 -1.86597e-18)
(0.596689 0.0110719 3.56516e-19)
(0.752938 0.0137968 -4.85721e-19)
(-0.0267693 -0.0332282 6.03515e-19)
(-0.0472287 -0.0664124 2.28354e-19)
(-0.0396502 -0.0791349 -7.66466e-20)
(-0.00889889 -0.0785835 5.58128e-19)
(0.0420869 -0.0694808 1.61273e-18)
(0.111501 -0.0547612 5.554e-19)
(0.197717 -0.0361422 5.68086e-19)
(0.298553 -0.0146537 -1.90449e-19)
(0.40914 0.00933007 -1.86718e-18)
(0.540485 0.0217579 3.44952e-19)
(-0.0242582 -0.03693 -1.8317e-19)
(-0.0458062 -0.0767965 4.82568e-19)
(-0.0452809 -0.0944519 -1.21375e-19)
(-0.0270635 -0.0970347 8.09305e-19)
(0.00614974 -0.0894595 -1.7934e-18)
(0.0528274 -0.0748398 1.60723e-19)
(0.112125 -0.0549963 -8.36087e-19)
(0.183315 -0.0310141 1.24111e-18)
(0.265294 -0.00430114 -3.47305e-19)
(0.360033 0.0172692 -3.85996e-20)
(-0.0219286 -0.0405947 -1.22328e-19)
(-0.0432839 -0.085117 -5.78803e-19)
(-0.0476847 -0.105693 1.40879e-18)
(-0.0386075 -0.110127 -6.98546e-19)
(-0.0181826 -0.103678 3.87662e-20)
(0.0122824 -0.0896881 2.09071e-19)
(0.0521295 -0.0701445 -2.09913e-19)
(0.101103 -0.0463079 2.49072e-19)
(0.158941 -0.0197846 8.82581e-19)
(0.223101 0.00486337 1.79839e-19)
(-0.0196031 -0.0431943 -2.89504e-19)
(-0.0405803 -0.0894658 -2.66793e-19)
(-0.0497116 -0.110516 -1.11125e-18)
(-0.0488532 -0.115258 5.71639e-19)
(-0.0391891 -0.109286 -1.14288e-18)
(-0.0215763 -0.09609 2.46883e-19)
(0.00356632 -0.0777903 2.7474e-19)
(0.0360497 -0.0557739 -3.03242e-19)
(0.0750606 -0.031533 -1.972e-19)
(0.118249 -0.00854105 -6.37879e-19)
(-0.017074 -0.0434153 2.3456e-19)
(-0.0380364 -0.0879316 -4.56863e-20)
(-0.0525555 -0.107192 -2.50654e-21)
(-0.0600853 -0.11107 -5.2788e-19)
(-0.0606391 -0.105265 1.27503e-18)
(-0.0545153 -0.0932073 -1.91651e-19)
(-0.0418314 -0.0769932 -4.82154e-19)
(-0.0228851 -0.0579959 5.76149e-19)
(0.000974391 -0.0375669 -2.04314e-19)
(0.0295835 -0.0185889 8.29072e-19)
(-0.0143356 -0.0401055 -4.4448e-20)
(-0.035772 -0.0792371 -2.13047e-19)
(-0.056232 -0.0950704 -7.92624e-20)
(-0.0722045 -0.0976008 -9.60328e-20)
(-0.0825134 -0.0921737 -1.97782e-19)
(-0.086969 -0.0818771 -6.14031e-19)
(-0.0854743 -0.0685699 7.50739e-19)
(-0.0785215 -0.0534501 4.37893e-19)
(-0.067563 -0.0376591 -7.39635e-20)
(-0.0505081 -0.0233824 -5.07649e-19)
(-0.0116531 -0.0326944 2.53482e-19)
(-0.0338916 -0.0631835 3.55648e-20)
(-0.0601106 -0.0747056 2.27981e-19)
(-0.0837611 -0.0760154 -2.74063e-20)
(-0.102645 -0.0715233 1.89954e-19)
(-0.11626 -0.0636743 2.09556e-19)
(-0.124448 -0.0539017 3.1204e-19)
(-0.127918 -0.0431022 -8.67499e-19)
(-0.127926 -0.0321097 -1.60381e-19)
(-0.120861 -0.0223451 2.11757e-19)
(-0.00947207 -0.021447 -1.28447e-19)
(-0.0325285 -0.0407809 -1.48815e-19)
(-0.0633446 -0.0476934 -6.77968e-20)
(-0.0928771 -0.0482089 3.11796e-19)
(-0.118206 -0.0452413 1.45634e-19)
(-0.138687 -0.0403526 2.87416e-20)
(-0.154213 -0.0344319 -6.12676e-20)
(-0.165671 -0.0280173 -4.66656e-20)
(-0.174053 -0.0215953 4.01465e-19)
(-0.174992 -0.015922 -2.02733e-19)
(-0.00824243 -0.0074769 6.55559e-20)
(-0.0318095 -0.0140953 6.62499e-20)
(-0.0651809 -0.0163876 -5.30754e-20)
(-0.09791 -0.016505 -4.61123e-20)
(-0.126711 -0.0154665 -4.58197e-20)
(-0.150901 -0.0138082 -7.1796e-20)
(-0.170436 -0.0118294 1.45237e-21)
(-0.186295 -0.00970697 9.52504e-20)
(-0.199306 -0.00759788 -9.50616e-20)
(-0.204832 -0.00573438 1.28486e-19)
(-0.114655 -0.00795228 4.8491e-21)
(0.0074267 -0.0158974 7.1619e-22)
(0.419667 -0.014273 -4.09893e-22)
(0.668973 -0.00919628 1.7198e-22)
(0.839797 -0.0051261 3.16309e-23)
(0.925765 -0.00253075 -6.19881e-23)
(0.965342 -0.001198 -8.77166e-23)
(0.984568 -0.000548181 2.92849e-23)
(0.9927 -0.000260305 -2.34106e-24)
(0.997845 -0.000101433 2.19204e-23)
(-0.0309648 -0.0248013 9.21587e-21)
(0.0586071 -0.0459268 2.62714e-21)
(0.4436 -0.0418719 1.42376e-21)
(0.680788 -0.0271825 -4.04981e-21)
(0.844983 -0.015193 -3.29127e-22)
(0.927875 -0.00751641 2.97761e-22)
(0.966124 -0.00356525 -3.39687e-22)
(0.984836 -0.00163612 -8.94684e-23)
(0.992791 -0.000780809 -1.86979e-22)
(0.997868 -0.000305001 -1.89289e-23)
(0.114535 -0.0443502 7.54617e-21)
(0.1538 -0.0716611 -8.03695e-21)
(0.48947 -0.0669304 -5.27431e-22)
(0.703578 -0.0440281 3.95047e-21)
(0.855056 -0.024707 -3.21653e-22)
(0.931996 -0.0122515 2.53178e-22)
(0.96766 -0.0058285 1.25254e-22)
(0.985364 -0.00268495 -3.28537e-23)
(0.99297 -0.00128731 1.29777e-22)
(0.997916 -0.000504679 -2.56449e-23)
(0.288317 -0.0677422 -1.53833e-20)
(0.279109 -0.0923518 -1.57183e-20)
(0.552936 -0.0883285 -2.20181e-21)
(0.735565 -0.0591107 -2.32976e-21)
(0.869376 -0.0333545 5.36711e-21)
(0.937916 -0.016589 -1.66927e-21)
(0.969884 -0.00792484 9.99948e-23)
(0.986135 -0.00367045 -1.45742e-22)
(0.993234 -0.00177092 1.51548e-22)
(0.997987 -0.000697949 1.09934e-23)
(0.46054 -0.0944156 3.69875e-20)
(0.417975 -0.108467 1.17247e-20)
(0.627704 -0.105536 1.50212e-21)
(0.774118 -0.0719856 6.28913e-21)
(0.886969 -0.0409039 -4.35943e-21)
(0.9453 -0.0204144 -1.25927e-21)
(0.972695 -0.00980245 -1.0138e-21)
(0.987122 -0.00457175 -2.40448e-22)
(0.993578 -0.00222366 -3.61288e-22)
(0.99808 -0.000882456 -4.78252e-23)
(0.615748 -0.122028 -1.31089e-20)
(0.557177 -0.120295 1.86157e-20)
(0.707127 -0.118277 1.88335e-21)
(0.816204 -0.0823571 -8.24935e-21)
(0.906635 -0.0472194 2.09064e-21)
(0.95372 -0.0236584 1.62609e-21)
(0.975956 -0.0114268 1.07947e-21)
(0.988284 -0.00537375 2.91875e-22)
(0.993989 -0.00263933 1.54221e-22)
(0.998193 -0.00105624 7.0277e-23)
(0.752635 -0.148816 -1.60394e-20)
(0.689534 -0.127864 -2.52568e-20)
(0.785864 -0.126744 1.07968e-21)
(0.858989 -0.0902265 2.62719e-21)
(0.927146 -0.052287 -2.27643e-21)
(0.96271 -0.026298 7.15501e-22)
(0.979504 -0.0127802 -9.91389e-22)
(0.98957 -0.00606748 -3.35349e-22)
(0.994454 -0.00301382 5.68697e-23)
(0.998322 -0.0012179 2.41639e-23)
(0.876924 -0.177079 4.17981e-20)
(0.812331 -0.135006 5.52395e-21)
(0.860394 -0.133513 -4.39284e-22)
(0.900261 -0.0964616 4.57251e-21)
(0.947427 -0.0562483 -3.57559e-21)
(0.971821 -0.0283195 2.96252e-21)
(0.983172 -0.0138402 1.47518e-21)
(0.990923 -0.00664043 4.99149e-22)
(0.994953 -0.00334108 4.10082e-22)
(0.998463 -0.00136545 3.01735e-23)
(0.994287 -0.206864 -5.43305e-20)
(0.924511 -0.151248 -7.35938e-21)
(0.928747 -0.142894 -2.33131e-21)
(0.938646 -0.102222 -5.56032e-21)
(0.966707 -0.0591918 4.64764e-21)
(0.980675 -0.0296796 -2.21075e-21)
(0.986797 -0.0145716 -1.64173e-21)
(0.99228 -0.00706974 -1.91449e-22)
(0.995465 -0.00360907 -2.06048e-22)
(0.998608 -0.00149504 -1.07555e-22)
(1.10503 -0.212428 -3.15619e-20)
(1.02461 -0.166887 -3.65071e-20)
(0.99016 -0.147767 -5.04373e-21)
(0.973537 -0.104556 -2.70448e-21)
(0.984504 -0.0607002 4.32358e-21)
(0.988971 -0.03057 1.25522e-21)
(0.990224 -0.0151051 -2.69376e-22)
(0.993573 -0.00740066 3.76033e-22)
(0.995964 -0.00383355 -8.4399e-23)
(0.998749 -0.00161119 8.66986e-24)
(1.46241 -0.0867294 0)
(1.32645 -0.0920977 0)
(1.18352 -0.089946 0)
(1.08481 -0.0794964 0)
(1.04197 -0.0583563 0)
(1.01619 -0.033678 0)
(1.00158 -0.017518 0)
(0.99787 -0.00880869 0)
(0.997643 -0.00474563 0)
(0.99921 -0.00206654 0)
(1.38008 -0.0550234 0)
(1.23427 -0.128616 0)
(1.06993 -0.0891891 0)
(1.01395 -0.0434903 0)
(1.01421 -0.0247723 0)
(1.00908 -0.015966 0)
(1.00072 -0.0101352 0)
(0.998209 -0.00609278 0)
(0.998255 -0.00413068 0)
(0.999413 -0.00218965 0)
(1.27665 -0.0172331 0)
(1.19357 -0.0996293 0)
(1.06662 -0.0667903 0)
(1.01428 -0.0285286 0)
(1.01366 -0.0197888 0)
(1.0109 -0.0164631 0)
(1.00344 -0.01129 0)
(1.0001 -0.00663269 0)
(0.999498 -0.00447876 0)
(0.999852 -0.0024529 0)
(1.1886 -0.00117259 0)
(1.14505 -0.0716717 0)
(1.05781 -0.05052 0)
(1.01347 -0.017069 0)
(1.01169 -0.0106576 0)
(1.0109 -0.0111688 0)
(1.00494 -0.00882291 0)
(1.00131 -0.0054749 0)
(1.00036 -0.00399981 0)
(1.00014 -0.00236947 0)
(1.12897 0.0065097 0)
(1.10844 -0.0441193 0)
(1.04938 -0.037363 0)
(1.01279 -0.0126587 0)
(1.00969 -0.00671392 0)
(1.01016 -0.00830359 0)
(1.00588 -0.00743704 0)
(1.00231 -0.00479392 0)
(1.00111 -0.00360128 0)
(1.0004 -0.00221659 0)
(1.08905 0.0086451 0)
(1.0801 -0.0282322 0)
(1.04222 -0.0289852 0)
(1.01364 -0.0107181 0)
(1.00899 -0.00429822 0)
(1.00943 -0.00571591 0)
(1.0064 -0.00582663 0)
(1.00304 -0.00392848 0)
(1.0017 -0.00303435 0)
(1.00059 -0.00193251 0)
(1.06264 0.00723501 0)
(1.05999 -0.0169149 0)
(1.03657 -0.020106 0)
(1.01459 -0.00805933 0)
(1.00872 -0.00257498 0)
(1.00863 -0.00370055 0)
(1.00657 -0.00432966 0)
(1.00354 -0.00306371 0)
(1.00215 -0.00241692 0)
(1.00073 -0.0015756 0)
(1.04613 0.00541165 0)
(1.04637 -0.00926371 0)
(1.03206 -0.012945 0)
(1.0152 -0.00582647 0)
(1.00873 -0.00166182 0)
(1.00803 -0.00230053 0)
(1.00658 -0.00298086 0)
(1.00387 -0.00219316 0)
(1.00249 -0.00175555 0)
(1.00082 -0.00116203 0)
(1.03645 0.00325966 0)
(1.03794 -0.00464521 0)
(1.02899 -0.00727388 0)
(1.01559 -0.0035504 0)
(1.00888 -0.000945045 0)
(1.00764 -0.00123627 0)
(1.00653 -0.00173437 0)
(1.00406 -0.00131539 0)
(1.00271 -0.00106412 0)
(1.00089 -0.000711276 0)
(1.03198 0.00107256 0)
(1.03394 -0.00140702 0)
(1.02745 -0.00232851 0)
(1.01576 -0.00117628 0)
(1.00897 -0.000298445 0)
(1.00744 -0.000384414 0)
(1.00649 -0.000567557 0)
(1.00415 -0.000437945 0)
(1.00281 -0.000356299 0)
(1.00091 -0.000239367 0)
(1.32649 0.192 3.32496e-21)
(1.34116 0.181165 1.12639e-20)
(1.36052 0.170488 -2.39565e-20)
(1.37176 0.159207 -9.167e-21)
(1.39382 0.14815 5.72444e-20)
(1.39787 0.135419 6.06062e-20)
(1.42331 0.122811 -1.10212e-19)
(1.40723 0.10597 3.8137e-21)
(1.43109 0.0895116 -3.63813e-20)
(1.37066 0.0664871 -1.58141e-19)
(1.22176 0.147832 -9.48856e-22)
(1.23124 0.141559 1.43724e-20)
(1.24284 0.135019 -1.20917e-20)
(1.25095 0.128112 2.8316e-20)
(1.26313 0.120892 -3.97338e-20)
(1.26903 0.113428 -3.76098e-21)
(1.2814 0.105279 4.89726e-20)
(1.28492 0.0973617 -5.41552e-20)
(1.2979 0.0872984 -4.26542e-20)
(1.30623 0.0789641 5.77324e-21)
(1.14592 0.0973441 -3.48031e-21)
(1.15203 0.0940241 6.16419e-21)
(1.15828 0.0904268 -7.24942e-21)
(1.16453 0.0873791 -3.12449e-20)
(1.17134 0.083665 4.67653e-20)
(1.1789 0.0813522 3.19867e-21)
(1.18714 0.0772948 -2.71773e-20)
(1.19776 0.0764521 4.77636e-20)
(1.20749 0.071042 2.51091e-21)
(1.22246 0.0724149 1.00172e-20)
(1.09938 0.0685735 -1.04778e-21)
(1.10414 0.0670375 -1.90162e-21)
(1.10892 0.0652882 -2.34705e-21)
(1.1142 0.0640059 2.05701e-20)
(1.11939 0.0621286 -2.49738e-20)
(1.12544 0.0612702 1.06629e-20)
(1.13072 0.0588537 -1.6678e-21)
(1.13754 0.0586652 -1.12619e-20)
(1.14247 0.0548452 4.41759e-20)
(1.15152 0.0560386 -1.06884e-20)
(1.0695 0.0486424 -5.78418e-23)
(1.07279 0.0476743 2.66199e-21)
(1.07599 0.046539 1.55984e-21)
(1.07933 0.0455709 6.07927e-21)
(1.08247 0.04423 1.37672e-20)
(1.08594 0.043362 -1.43398e-20)
(1.08901 0.0416598 -7.21317e-21)
(1.09298 0.0411857 1.68532e-20)
(1.09628 0.0388172 -1.53188e-20)
(1.10193 0.0393589 -1.9292e-21)
(1.04912 0.0337671 -1.85943e-21)
(1.05142 0.0331384 2.40825e-22)
(1.05367 0.0324254 -1.20818e-21)
(1.056 0.0317896 4.50506e-21)
(1.05827 0.0309907 -1.75748e-20)
(1.06075 0.0304422 3.81018e-21)
(1.06309 0.0294959 -7.70542e-21)
(1.06588 0.0291986 -8.38438e-21)
(1.06829 0.0278606 -9.32413e-23)
(1.07178 0.0281289 3.08995e-21)
(1.03581 0.0230567 -1.064e-21)
(1.03753 0.0227016 6.41949e-21)
(1.03923 0.0222999 -3.52675e-21)
(1.04096 0.0219234 -3.76071e-22)
(1.04264 0.0214565 8.61904e-21)
(1.04439 0.0210947 1.86418e-21)
(1.04602 0.0205064 8.57964e-21)
(1.04785 0.0202352 -5.6096e-21)
(1.04943 0.0193673 1.0604e-20)
(1.0516 0.0193993 7.37654e-21)
(1.02721 0.0149163 -3.87158e-22)
(1.02854 0.0147081 -2.99687e-22)
(1.02984 0.0144691 2.19353e-21)
(1.03113 0.0142317 -3.29258e-21)
(1.03238 0.0139429 -3.06277e-21)
(1.03366 0.0136975 8.90843e-21)
(1.03486 0.0133327 -5.70262e-21)
(1.03615 0.0131286 3.90559e-21)
(1.03728 0.0126016 -1.34423e-21)
(1.03873 0.0125678 -1.06624e-21)
(1.02207 0.00836552 5.6283e-22)
(1.02316 0.00825804 -4.42398e-21)
(1.02422 0.00813422 2.38426e-21)
(1.02528 0.00800831 6.76657e-21)
(1.02629 0.00785665 -6.8706e-21)
(1.02731 0.00772277 2.17286e-21)
(1.02826 0.00752896 3.29385e-21)
(1.02926 0.00741086 -5.85423e-21)
(1.03013 0.00712581 5.72181e-21)
(1.03117 0.0070905 -1.38719e-21)
(1.01969 0.0026769 -1.58174e-21)
(1.02066 0.00264669 2.75639e-21)
(1.02161 0.0026119 -3.85472e-22)
(1.02255 0.0025762 5.72614e-21)
(1.02344 0.00253242 -1.69764e-21)
(1.02433 0.00249285 4.57392e-22)
(1.02516 0.002434 -6.53686e-21)
(1.02603 0.00239657 1.74411e-21)
(1.02677 0.00230582 9.8796e-22)
(1.02763 0.00229112 5.59298e-22)
(1.1053 0.293315 -4.6648e-20)
(1.13696 0.284787 -6.91027e-21)
(1.16206 0.275604 4.26856e-22)
(1.18218 0.266242 1.07763e-20)
(1.20302 0.25633 -2.29686e-20)
(1.22534 0.245829 -7.33169e-21)
(1.24828 0.23504 5.93657e-21)
(1.26936 0.224178 -1.06839e-20)
(1.2899 0.213411 2.01896e-20)
(1.30756 0.202642 1.16932e-21)
(1.09179 0.190954 2.29293e-21)
(1.10595 0.187515 -7.9072e-21)
(1.12413 0.183687 -1.15922e-21)
(1.13942 0.180125 -6.79858e-21)
(1.15159 0.176787 9.57322e-21)
(1.16297 0.173205 8.05498e-21)
(1.17511 0.169099 -1.06989e-20)
(1.18721 0.164418 7.3595e-21)
(1.19943 0.159284 -2.69356e-21)
(1.2103 0.153718 -4.32363e-21)
(1.06858 0.122708 1.77324e-22)
(1.07542 0.121451 6.02334e-21)
(1.08645 0.119753 2.26553e-21)
(1.09718 0.117621 -2.43808e-21)
(1.10565 0.1153 -4.08395e-21)
(1.11255 0.112868 1.26799e-21)
(1.11915 0.11021 9.01772e-21)
(1.12594 0.107301 -7.06147e-21)
(1.13284 0.104109 3.16818e-21)
(1.13947 0.100823 1.02533e-21)
(1.04879 0.0803651 8.94801e-22)
(1.05351 0.0801517 1.32835e-21)
(1.06035 0.079677 -1.58156e-21)
(1.06708 0.0787972 4.23526e-21)
(1.07264 0.0776269 -2.95669e-21)
(1.07723 0.076328 1.63052e-21)
(1.08145 0.0749355 1.55858e-21)
(1.08575 0.0734744 -1.08698e-21)
(1.09021 0.0718844 2.59697e-21)
(1.0948 0.0702895 -3.36809e-21)
(1.03488 0.0547541 1.55923e-21)
(1.03835 0.0548593 1.94272e-21)
(1.04278 0.0547417 -2.82489e-21)
(1.04702 0.0543515 -2.19002e-21)
(1.05065 0.0537529 2.88532e-21)
(1.05382 0.0530422 -6.48146e-21)
(1.05682 0.052265 2.77326e-21)
(1.05987 0.0514487 -4.17641e-21)
(1.06302 0.0505618 2.53258e-21)
(1.06626 0.0496501 1.37661e-21)
(1.025 0.0373164 4.7359e-22)
(1.02732 0.037437 1.6129e-21)
(1.03021 0.0373899 6.083e-21)
(1.03302 0.0371761 -5.38499e-22)
(1.03555 0.0368425 1.17622e-21)
(1.03784 0.0364383 -2.09102e-21)
(1.04005 0.0359865 6.13856e-21)
(1.04228 0.0354992 2.1649e-21)
(1.04455 0.0349633 1.04908e-21)
(1.04684 0.0343958 -1.49409e-21)
(1.01799 0.0246179 -2.87857e-21)
(1.01961 0.0247632 -3.57136e-22)
(1.02159 0.0248094 -4.17209e-21)
(1.02359 0.0247554 -2.0945e-21)
(1.02546 0.0246265 -3.53659e-21)
(1.02721 0.0244483 5.67791e-22)
(1.02892 0.0242338 3.96157e-22)
(1.03063 0.0239885 -1.59019e-21)
(1.03235 0.0237084 3.37584e-21)
(1.03409 0.0234014 -2.1293e-21)
(1.01344 0.0154179 3.20911e-22)
(1.01472 0.0155741 1.24386e-21)
(1.01618 0.0156712 -4.33424e-21)
(1.01766 0.0157039 -3.64808e-21)
(1.01909 0.0156835 7.40388e-21)
(1.02047 0.0156241 -1.89944e-22)
(1.02182 0.0155343 -2.52725e-21)
(1.02318 0.0154182 -3.83081e-22)
(1.02453 0.0152753 -6.63713e-22)
(1.02588 0.0151093 -1.58439e-23)
(1.0108 0.00848718 3.79288e-22)
(1.01187 0.00859791 5.0073e-22)
(1.01302 0.00867354 1.43234e-21)
(1.01418 0.00871181 5.34476e-22)
(1.01534 0.00871874 1.04747e-21)
(1.01647 0.00870165 -6.55129e-21)
(1.0176 0.0086656 3.86137e-21)
(1.01873 0.00861321 2.62658e-21)
(1.01985 0.00854506 -2.91293e-21)
(1.02097 0.00846286 6.6446e-22)
(1.00956 0.00271241 -4.55762e-22)
(1.01053 0.0027485 -1.86585e-22)
(1.01154 0.00277176 2.1526e-22)
(1.01257 0.00278251 -4.2576e-21)
(1.0136 0.0027833 3.7163e-22)
(1.01463 0.00277681 -2.35398e-21)
(1.01566 0.00276489 4.60666e-21)
(1.01668 0.00274859 -7.8018e-22)
(1.0177 0.00272828 2.54635e-21)
(1.0187 0.00270449 -1.53153e-21)
(1.00017 0.00875569 0)
(0.999391 0.0307718 0)
(0.999464 0.0482875 0)
(0.998266 0.0755062 0)
(0.999871 0.0936025 0)
(1.00049 0.130293 0)
(1.00746 0.148429 0)
(1.01563 0.201993 0)
(1.03789 0.217303 0)
(1.069 0.296519 0)
(0.999894 0.00841613 0)
(1.00157 0.0274159 0)
(1.0038 0.0440312 0)
(1.00883 0.0650747 0)
(1.01392 0.0819513 0)
(1.02372 0.106209 0)
(1.03264 0.122733 0)
(1.04915 0.150222 0)
(1.06095 0.164027 0)
(1.08369 0.191193 0)
(0.999861 0.00671081 0)
(1.00193 0.0214184 0)
(1.00444 0.0343015 0)
(1.01004 0.0494507 0)
(1.01486 0.0612461 0)
(1.02391 0.0768938 0)
(1.03024 0.0863901 0)
(1.04289 0.102292 0)
(1.04944 0.107593 0)
(1.06577 0.123924 0)
(0.999905 0.00480056 0)
(1.00139 0.0150638 0)
(1.00313 0.0241316 0)
(1.00702 0.0342083 0)
(1.01029 0.0420784 0)
(1.01643 0.0518316 0)
(1.02064 0.0578073 0)
(1.02929 0.0673651 0)
(1.03399 0.0706904 0)
(1.04586 0.0806125 0)
(0.999947 0.00327698 0)
(1.00085 0.0101575 0)
(1.00195 0.0163693 0)
(1.00439 0.0230526 0)
(1.00665 0.0285164 0)
(1.01076 0.0349117 0)
(1.01396 0.039264 0)
(1.01994 0.0454678 0)
(1.02379 0.0482581 0)
(1.03202 0.0544515 0)
(0.999975 0.00222118 0)
(1.00056 0.00683983 0)
(1.00135 0.0110934 0)
(1.00301 0.0156088 0)
(1.00473 0.019445 0)
(1.00762 0.0237676 0)
(1.01017 0.0269092 0)
(1.01433 0.0310086 0)
(1.01738 0.0330959 0)
(1.0228 0.0369844 0)
(0.999991 0.0014878 0)
(1.0004 0.00455624 0)
(1.00104 0.00741931 0)
(1.00223 0.0104131 0)
(1.00357 0.0130116 0)
(1.0056 0.0158368 0)
(1.00755 0.0179601 0)
(1.01039 0.0205498 0)
(1.01271 0.0219604 0)
(1.01627 0.0243182 0)
(1 0.000944699 0)
(1.0003 0.00287786 0)
(1.0008 0.00469451 0)
(1.00166 0.00656262 0)
(1.0027 0.00820533 0)
(1.00414 0.00993829 0)
(1.00564 0.0112805 0)
(1.00762 0.0128356 0)
(1.00946 0.0137551 0)
(1.01194 0.0151444 0)
(1 0.000520135 0)
(1.00023 0.00157871 0)
(1.00064 0.00257778 0)
(1.0013 0.00359437 0)
(1.00213 0.00449804 0)
(1.00324 0.0054358 0)
(1.00447 0.00618341 0)
(1.00599 0.00702245 0)
(1.00755 0.00755607 0)
(1.00942 0.0082978 0)
(1.00001 0.000165559 0)
(1.0002 0.000501756 0)
(1.00056 0.00081982 0)
(1.00113 0.00114248 0)
(1.00188 0.00143123 0)
(1.00283 0.00172953 0)
(1.00395 0.00197098 0)
(1.00525 0.00223847 0)
(1.00668 0.00241373 0)
(1.00827 0.00264792 0)
(0.999862 0.000656992 7.64433e-21)
(0.996197 0.00204789 -3.32896e-21)
(0.98916 0.00340794 8.54689e-21)
(0.978358 0.0050656 -5.60796e-21)
(0.963855 0.00677425 -6.14172e-21)
(0.944767 0.00913028 2.38176e-20)
(0.920808 0.0114504 -4.61533e-21)
(0.890562 0.015107 3.31619e-20)
(0.853037 0.0181865 1.96507e-20)
(0.806646 0.0244696 -1.96696e-20)
(0.999848 0.00195431 9.21354e-21)
(0.996159 0.00609875 1.75656e-20)
(0.989196 0.0101479 2.66054e-20)
(0.978533 0.0150867 -3.68816e-20)
(0.96431 0.0201684 4.85363e-21)
(0.945513 0.0271864 1.45488e-20)
(0.922058 0.0340927 -2.50854e-20)
(0.892269 0.0449949 4.29133e-20)
(0.8556 0.0541945 -1.15362e-19)
(0.809984 0.0729333 1.61747e-19)
(0.999825 0.00320264 -3.24486e-20)
(0.996096 0.0100174 1.22226e-20)
(0.989283 0.0166644 -5.44699e-22)
(0.978894 0.0247851 -6.15733e-20)
(0.965225 0.0331117 1.53751e-20)
(0.947006 0.0446487 -3.61081e-20)
(0.924549 0.0559841 4.82009e-20)
(0.895678 0.0739497 -1.27994e-19)
(0.860707 0.0891608 2.18395e-19)
(0.816708 0.120094 -1.72546e-19)
(0.999801 0.00437369 2.07465e-20)
(0.996028 0.0137269 -6.79295e-21)
(0.989447 0.0228278 4.26041e-20)
(0.979461 0.0339748 -7.79818e-20)
(0.96661 0.0453449 4.9202e-20)
(0.949243 0.0611809 -9.91845e-20)
(0.928272 0.0766957 -1.6183e-20)
(0.900792 0.10145 3.15709e-19)
(0.868384 0.122485 -8.78425e-20)
(0.826911 0.165271 -2.20244e-19)
(0.999784 0.00544576 -8.43924e-20)
(0.995981 0.017167 6.41551e-20)
(0.989719 0.028534 -3.14267e-20)
(0.980256 0.0425036 -1.37589e-19)
(0.968473 0.0566526 1.31781e-19)
(0.952218 0.0764983 -1.72261e-19)
(0.933212 0.0958591 2.23925e-19)
(0.907604 0.127037 6.36509e-20)
(0.878671 0.153596 1.56504e-19)
(0.840704 0.207768 1.67276e-20)
(0.999784 0.00640594 6.64304e-20)
(0.995979 0.0203019 -1.56057e-20)
(0.990123 0.0337171 8.88066e-20)
(0.981292 0.0502642 -9.91891e-20)
(0.970805 0.0668697 9.55239e-20)
(0.955906 0.0903546 -2.6922e-20)
(0.939332 0.113131 5.62796e-20)
(0.916079 0.150298 -1.74109e-19)
(0.89159 0.181885 -2.99286e-19)
(0.858142 0.247028 1.80722e-19)
(0.999807 0.00724884 -3.22088e-20)
(0.996042 0.0231267 -2.63291e-20)
(0.990666 0.0383718 1.26302e-20)
(0.982556 0.0572339 -8.76974e-20)
(0.973553 0.0759353 3.08069e-19)
(0.960236 0.102579 -2.52847e-19)
(0.946564 0.128198 1.27677e-19)
(0.926147 0.17067 -2.17238e-19)
(0.907169 0.206829 -6.11313e-20)
(0.879253 0.281739 4.63432e-19)
(0.999859 0.0079678 3.84429e-20)
(0.996194 0.0256518 -4.44433e-21)
(0.991353 0.042569 -3.86906e-20)
(0.984031 0.0635487 4.71218e-20)
(0.97662 0.0840377 1.34446e-19)
(0.965078 0.113336 -2.94724e-19)
(0.954682 0.141063 2.38303e-19)
(0.937745 0.18763 -5.37348e-19)
(0.925273 0.227154 4.40613e-19)
(0.904304 0.312121 -1.16521e-19)
(0.999946 0.00854557 -4.21953e-20)
(0.996497 0.0278311 4.85134e-20)
(0.992257 0.0463521 -8.7188e-20)
(0.985777 0.0693971 -5.26911e-20)
(0.979972 0.0915656 1.11199e-21)
(0.970344 0.123156 7.56707e-20)
(0.963267 0.152512 -3.84411e-19)
(0.950529 0.201402 4.27084e-19)
(0.945913 0.241176 -3.77228e-19)
(0.932654 0.333227 1.68476e-19)
(1.00006 0.00894497 -2.44814e-20)
(0.997041 0.0293866 2.11886e-21)
(0.993558 0.0490265 -8.29622e-21)
(0.988037 0.0738038 -6.19369e-20)
(0.983827 0.0970943 -4.729e-20)
(0.976261 0.130286 2.77056e-19)
(0.972284 0.160698 2.24206e-19)
(0.964117 0.209515 -1.01014e-19)
(0.967363 0.249831 -2.27796e-20)
(0.973929 0.319979 -4.81807e-19)
(1.00006 -0.00894504 -2.44547e-20)
(0.997041 -0.0293868 1.59869e-20)
(0.993558 -0.0490269 -6.62429e-21)
(0.988037 -0.0738044 1.02127e-19)
(0.983827 -0.0970949 5.77876e-20)
(0.976262 -0.130287 -2.33638e-19)
(0.972284 -0.160699 -1.94935e-19)
(0.964118 -0.209516 1.31095e-19)
(0.967364 -0.249832 1.42517e-20)
(0.97393 -0.31998 4.94542e-19)
(0.999946 -0.00854564 1.82577e-20)
(0.996497 -0.0278314 -1.01895e-19)
(0.992257 -0.0463525 6.07505e-20)
(0.985777 -0.0693977 -3.55363e-20)
(0.979972 -0.0915664 -5.63778e-20)
(0.970344 -0.123157 -3.06675e-20)
(0.963267 -0.152513 3.23741e-19)
(0.950529 -0.201403 -3.60946e-19)
(0.945914 -0.241177 4.2494e-19)
(0.932656 -0.333228 -2.3563e-19)
(0.999859 -0.00796787 -1.08423e-20)
(0.996194 -0.025652 3.98201e-20)
(0.991353 -0.0425695 6.70346e-20)
(0.984031 -0.0635493 -1.32926e-20)
(0.976621 -0.0840385 -1.84252e-19)
(0.965078 -0.113337 2.22406e-19)
(0.954682 -0.141064 -2.19052e-19)
(0.937745 -0.187631 4.98644e-19)
(0.925274 -0.227155 -4.91022e-19)
(0.904305 -0.312123 1.56409e-19)
(0.999807 -0.00724892 -2.91209e-21)
(0.996042 -0.023127 5.33072e-20)
(0.990666 -0.0383722 -4.89773e-20)
(0.982556 -0.0572345 1.88491e-19)
(0.973553 -0.0759362 -2.3346e-20)
(0.960236 -0.10258 -2.60384e-20)
(0.946564 -0.128199 -1.32521e-19)
(0.926148 -0.170671 9.72332e-20)
(0.90717 -0.206831 5.00268e-20)
(0.879253 -0.28174 -4.82226e-19)
(0.999784 -0.00640603 5.86118e-20)
(0.995979 -0.0203022 -1.79009e-20)
(0.990123 -0.0337177 4.99613e-20)
(0.981292 -0.050265 8.33668e-20)
(0.970805 -0.0668706 -1.17297e-19)
(0.955906 -0.0903557 -1.86077e-20)
(0.939333 -0.113132 1.618e-20)
(0.916079 -0.1503 1.39807e-19)
(0.891591 -0.181886 2.57455e-19)
(0.858143 -0.24703 -1.49927e-19)
(0.999784 -0.00544585 -4.25351e-20)
(0.995981 -0.0171673 -2.22812e-21)
(0.989719 -0.0285345 -1.08792e-19)
(0.980256 -0.0425043 1.70781e-19)
(0.968473 -0.0566535 -1.48621e-19)
(0.952218 -0.0764994 2.8993e-19)
(0.933212 -0.0958604 -3.3958e-19)
(0.907604 -0.127039 1.59776e-19)
(0.878672 -0.153598 -2.13309e-20)
(0.840704 -0.20777 2.01105e-20)
(0.999801 -0.00437378 4.21328e-20)
(0.996028 -0.0137272 -2.73696e-20)
(0.989447 -0.0228283 2.93012e-20)
(0.979461 -0.0339756 -3.95678e-20)
(0.96661 -0.0453458 9.88873e-21)
(0.949244 -0.061182 7.37416e-20)
(0.928273 -0.0766971 6.99082e-20)
(0.900792 -0.101451 -4.38278e-19)
(0.868385 -0.122487 3.43381e-21)
(0.826912 -0.165273 2.13557e-19)
(0.999825 -0.00320274 -1.8123e-20)
(0.996096 -0.0100177 3.08626e-21)
(0.989283 -0.016665 -4.00308e-20)
(0.978894 -0.0247859 4.63901e-20)
(0.965225 -0.0331127 -1.81051e-20)
(0.947006 -0.0446499 1.97576e-20)
(0.924549 -0.0559856 -2.19342e-20)
(0.895679 -0.0739513 1.1602e-19)
(0.860707 -0.0891626 -2.3266e-19)
(0.816709 -0.120096 1.45512e-19)
(0.999848 -0.00195441 1.28926e-20)
(0.996159 -0.0060991 -6.0899e-21)
(0.989196 -0.0101485 -4.92855e-21)
(0.978533 -0.0150875 5.54373e-20)
(0.96431 -0.0201695 -9.43494e-21)
(0.945514 -0.0271876 -6.87315e-21)
(0.922059 -0.0340941 -1.27258e-20)
(0.892269 -0.0449966 -2.55634e-20)
(0.8556 -0.0541963 1.22287e-19)
(0.809984 -0.0729353 -1.73217e-19)
(0.999862 -0.000657096 7.33254e-21)
(0.996197 -0.00204824 -1.67222e-21)
(0.98916 -0.00340853 -8.83888e-21)
(0.978358 -0.00506642 1.30508e-20)
(0.963855 -0.00677529 9.97582e-21)
(0.944767 -0.00913153 -3.62152e-21)
(0.920808 -0.0114519 2.29834e-20)
(0.890562 -0.0151086 -4.25424e-20)
(0.853037 -0.0181883 1.08511e-21)
(0.806646 -0.0244716 2.99117e-20)
(1.00001 -0.000165553 0)
(1.0002 -0.000501746 0)
(1.00056 -0.000819805 0)
(1.00113 -0.00114246 0)
(1.00188 -0.00143121 0)
(1.00283 -0.0017295 0)
(1.00395 -0.00197095 0)
(1.00525 -0.00223845 0)
(1.00668 -0.00241372 0)
(1.00827 -0.00264792 0)
(1 -0.000520117 0)
(1.00023 -0.00157868 0)
(1.00064 -0.00257773 0)
(1.0013 -0.00359431 0)
(1.00213 -0.00449798 0)
(1.00324 -0.00543573 0)
(1.00447 -0.00618333 0)
(1.00599 -0.00702236 0)
(1.00755 -0.00755597 0)
(1.00942 -0.00829769 0)
(1 -0.000944669 0)
(1.0003 -0.00287781 0)
(1.0008 -0.00469444 0)
(1.00166 -0.00656253 0)
(1.0027 -0.00820524 0)
(1.00414 -0.00993818 0)
(1.00564 -0.0112804 0)
(1.00762 -0.0128355 0)
(1.00946 -0.0137549 0)
(1.01194 -0.0151442 0)
(0.999991 -0.00148777 0)
(1.0004 -0.00455618 0)
(1.00104 -0.00741923 0)
(1.00223 -0.010413 0)
(1.00357 -0.0130115 0)
(1.0056 -0.0158367 0)
(1.00755 -0.0179599 0)
(1.01039 -0.0205497 0)
(1.01271 -0.0219602 0)
(1.01627 -0.024318 0)
(0.999975 -0.00222114 0)
(1.00056 -0.00683976 0)
(1.00135 -0.0110934 0)
(1.00301 -0.0156087 0)
(1.00473 -0.0194448 0)
(1.00762 -0.0237675 0)
(1.01017 -0.0269091 0)
(1.01433 -0.0310084 0)
(1.01738 -0.0330956 0)
(1.0228 -0.0369841 0)
(0.999947 -0.00327694 0)
(1.00085 -0.0101574 0)
(1.00195 -0.0163692 0)
(1.00439 -0.0230525 0)
(1.00665 -0.0285163 0)
(1.01076 -0.0349115 0)
(1.01396 -0.0392638 0)
(1.01994 -0.0454676 0)
(1.02379 -0.0482579 0)
(1.03202 -0.0544512 0)
(0.999905 -0.00480052 0)
(1.00139 -0.0150638 0)
(1.00313 -0.0241315 0)
(1.00702 -0.0342082 0)
(1.01029 -0.0420782 0)
(1.01643 -0.0518314 0)
(1.02064 -0.0578072 0)
(1.02929 -0.0673649 0)
(1.03399 -0.0706902 0)
(1.04586 -0.0806122 0)
(0.999861 -0.00671079 0)
(1.00193 -0.0214183 0)
(1.00444 -0.0343015 0)
(1.01004 -0.0494506 0)
(1.01486 -0.0612461 0)
(1.02391 -0.0768937 0)
(1.03024 -0.08639 0)
(1.04289 -0.102292 0)
(1.04944 -0.107593 0)
(1.06577 -0.123924 0)
(0.999894 -0.00841613 0)
(1.00157 -0.027416 0)
(1.0038 -0.0440313 0)
(1.00883 -0.0650749 0)
(1.01392 -0.0819514 0)
(1.02372 -0.106209 0)
(1.03264 -0.122734 0)
(1.04915 -0.150222 0)
(1.06095 -0.164027 0)
(1.08369 -0.191193 0)
(1.00017 -0.00875572 0)
(0.999391 -0.030772 0)
(0.999464 -0.0482878 0)
(0.998266 -0.0755066 0)
(0.999871 -0.093603 0)
(1.00049 -0.130294 0)
(1.00746 -0.148429 0)
(1.01563 -0.201994 0)
(1.03789 -0.217303 0)
(1.069 -0.296519 0)
(1.00956 -0.00271241 -3.29718e-22)
(1.01053 -0.00274851 -5.92685e-22)
(1.01154 -0.00277176 -1.14352e-21)
(1.01257 -0.00278251 -5.29815e-22)
(1.0136 -0.0027833 4.32523e-21)
(1.01463 -0.00277681 1.5453e-21)
(1.01566 -0.00276489 -4.51383e-21)
(1.01668 -0.00274858 3.77691e-22)
(1.0177 -0.00272828 -2.53944e-21)
(1.0187 -0.00270449 1.49204e-21)
(1.0108 -0.00848707 8.05998e-22)
(1.01187 -0.00859781 -3.19928e-21)
(1.01302 -0.00867345 3.4184e-21)
(1.01418 -0.00871173 2.90098e-22)
(1.01534 -0.00871867 -9.62141e-22)
(1.01647 -0.00870159 5.25417e-21)
(1.0176 -0.00866555 -5.27416e-21)
(1.01873 -0.00861316 -2.1347e-21)
(1.01985 -0.00854502 3.94141e-21)
(1.02097 -0.00846281 -5.25923e-22)
(1.01344 -0.0154177 4.37491e-22)
(1.01472 -0.0155739 8.66578e-22)
(1.01618 -0.015671 -2.10307e-21)
(1.01766 -0.0157037 -3.60902e-21)
(1.01909 -0.0156834 -9.21543e-22)
(1.02047 -0.015624 2.00057e-21)
(1.02182 -0.0155342 2.4953e-21)
(1.02318 -0.015418 -1.78453e-21)
(1.02453 -0.0152752 -5.38079e-22)
(1.02588 -0.0151092 3.64382e-22)
(1.01799 -0.0246177 -2.38042e-21)
(1.01961 -0.024763 -3.75974e-21)
(1.02159 -0.0248093 2.97312e-21)
(1.02359 -0.0247553 -3.90975e-21)
(1.02546 -0.0246263 -8.17002e-22)
(1.02721 -0.0244482 -5.36751e-21)
(1.02892 -0.0242336 2.6095e-22)
(1.03063 -0.0239883 4.44975e-21)
(1.03235 -0.0237083 -4.7597e-21)
(1.03409 -0.0234012 9.43829e-22)
(1.025 -0.0373161 5.54268e-22)
(1.02732 -0.0374367 9.76517e-22)
(1.03021 -0.0373897 2.4892e-21)
(1.03302 -0.0371759 3.76184e-21)
(1.03555 -0.0368423 -1.75546e-21)
(1.03784 -0.036438 1.0551e-20)
(1.04005 -0.0359862 -2.72694e-21)
(1.04228 -0.0354989 -6.31173e-22)
(1.04455 -0.034963 -3.22672e-22)
(1.04684 -0.0343956 1.66801e-21)
(1.03488 -0.0547538 1.77136e-21)
(1.03835 -0.0548589 2.17476e-21)
(1.04278 -0.0547413 -4.08509e-21)
(1.04702 -0.0543511 3.22295e-21)
(1.05065 -0.0537525 6.50394e-21)
(1.05382 -0.0530417 -6.02254e-21)
(1.05682 -0.0522645 -3.35808e-21)
(1.05987 -0.0514482 -7.8305e-22)
(1.06302 -0.0505614 -1.88034e-21)
(1.06626 -0.0496497 9.96662e-23)
(1.04879 -0.0803647 4.1929e-22)
(1.05351 -0.0801513 1.90565e-21)
(1.06035 -0.0796765 2.86681e-21)
(1.06708 -0.0787967 1.31228e-21)
(1.07264 -0.0776264 -3.5858e-21)
(1.07723 -0.0763275 1.16212e-20)
(1.08145 -0.074935 -1.03836e-20)
(1.08575 -0.0734739 -2.66619e-21)
(1.09021 -0.0718839 1.16029e-21)
(1.0948 -0.0702889 7.77394e-22)
(1.06858 -0.122708 2.67078e-21)
(1.07542 -0.121451 3.60258e-21)
(1.08645 -0.119753 7.75717e-22)
(1.09718 -0.117621 3.02912e-21)
(1.10565 -0.1153 8.78887e-22)
(1.11255 -0.112867 -1.73111e-20)
(1.11915 -0.110209 1.41936e-20)
(1.12594 -0.1073 3.18928e-21)
(1.13284 -0.104109 -4.53931e-21)
(1.13947 -0.100823 3.07954e-21)
(1.09179 -0.190953 1.80751e-21)
(1.10595 -0.187514 -7.03663e-21)
(1.12414 -0.183686 -1.3264e-21)
(1.13942 -0.180124 -2.20847e-21)
(1.15159 -0.176786 8.53796e-22)
(1.16297 -0.173204 1.21528e-20)
(1.17511 -0.169097 -1.27771e-20)
(1.18721 -0.164416 1.21562e-20)
(1.19943 -0.159282 -1.04991e-20)
(1.2103 -0.153716 5.83865e-22)
(1.10531 -0.293315 3.78728e-20)
(1.13697 -0.284787 7.69396e-21)
(1.16206 -0.275604 -2.23678e-22)
(1.18218 -0.266241 -4.88867e-21)
(1.20302 -0.256329 1.66033e-20)
(1.22534 -0.245828 -9.94061e-22)
(1.24828 -0.235038 1.0416e-21)
(1.26936 -0.224176 1.38079e-21)
(1.2899 -0.213408 8.05749e-21)
(1.30756 -0.202639 1.36127e-22)
(1.01969 -0.0026769 1.62256e-21)
(1.02066 -0.00264669 -2.76415e-21)
(1.02161 -0.0026119 8.54314e-22)
(1.02255 -0.0025762 -5.84146e-21)
(1.02344 -0.00253242 2.76222e-21)
(1.02433 -0.00249286 5.57483e-21)
(1.02516 -0.00243402 -1.11403e-21)
(1.02603 -0.00239659 -2.71068e-22)
(1.02677 -0.00230585 3.29582e-22)
(1.02763 -0.00229117 7.57628e-22)
(1.02207 -0.00836548 -7.06155e-22)
(1.02316 -0.008258 3.28211e-21)
(1.02422 -0.00813418 -2.9599e-21)
(1.02528 -0.00800827 -4.9657e-21)
(1.02629 -0.00785661 8.69425e-21)
(1.02731 -0.00772274 -4.51378e-22)
(1.02826 -0.00752894 3.06825e-21)
(1.02926 -0.00741085 -2.36215e-21)
(1.03013 -0.00712582 -5.6299e-22)
(1.03117 -0.00709053 -6.71869e-22)
(1.02721 -0.0149162 2.28718e-23)
(1.02854 -0.014708 -1.21337e-22)
(1.02984 -0.0144689 4.80968e-22)
(1.03113 -0.0142316 3.42588e-21)
(1.03238 -0.0139427 6.06511e-22)
(1.03366 -0.0136974 -3.55307e-21)
(1.03486 -0.0133326 -5.92247e-21)
(1.03615 -0.0131285 7.8222e-21)
(1.03728 -0.0126016 -2.08132e-21)
(1.03873 -0.0125678 -8.41683e-22)
(1.03581 -0.0230565 2.30823e-21)
(1.03753 -0.0227014 -3.05264e-21)
(1.03923 -0.0222997 3.86802e-21)
(1.04096 -0.0219233 -4.42725e-22)
(1.04264 -0.0214564 -8.27553e-22)
(1.04439 -0.0210945 5.81035e-21)
(1.04602 -0.0205063 4.34109e-21)
(1.04785 -0.0202351 9.73421e-21)
(1.04943 -0.0193672 2.5577e-21)
(1.0516 -0.0193992 8.59722e-21)
(1.04912 -0.0337668 1.68391e-21)
(1.05142 -0.0331381 -1.05278e-21)
(1.05367 -0.0324252 -4.87926e-21)
(1.056 -0.0317894 -9.81548e-21)
(1.05827 -0.0309905 3.19561e-21)
(1.06075 -0.030442 -1.5728e-21)
(1.06309 -0.0294958 3.0366e-21)
(1.06588 -0.0291985 -1.71013e-20)
(1.06829 -0.0278606 -2.14165e-21)
(1.07178 -0.0281289 3.38336e-21)
(1.06949 -0.0486419 -1.53071e-21)
(1.07279 -0.0476738 -3.44598e-21)
(1.07599 -0.0465386 5.59471e-21)
(1.07933 -0.0455704 -5.55374e-21)
(1.08247 -0.0442295 1.19114e-20)
(1.08594 -0.0433616 -8.83001e-21)
(1.08901 -0.0416595 7.67343e-21)
(1.09298 -0.0411854 1.17894e-20)
(1.09628 -0.038817 -1.48813e-20)
(1.10193 -0.0393588 -2.11835e-22)
(1.09938 -0.0685729 3.86556e-21)
(1.10414 -0.0670368 -2.98986e-21)
(1.10892 -0.0652875 -4.24861e-21)
(1.1142 -0.0640051 -3.82277e-21)
(1.11939 -0.0621277 -4.69057e-21)
(1.12544 -0.0612692 7.45085e-21)
(1.13072 -0.0588527 -2.34657e-20)
(1.13754 -0.058664 1.43911e-20)
(1.14246 -0.054844 3.40848e-20)
(1.15152 -0.0560374 1.45582e-21)
(1.14592 -0.0973434 -1.02282e-21)
(1.15203 -0.0940234 -4.46937e-21)
(1.15828 -0.0904262 9.11044e-21)
(1.16453 -0.0873785 -1.73599e-20)
(1.17134 -0.0836646 -2.01415e-21)
(1.1789 -0.0813516 1.14484e-20)
(1.18714 -0.0772944 1.35297e-20)
(1.19776 -0.0764513 2.40096e-20)
(1.20749 -0.0710412 1.84551e-20)
(1.22246 -0.0724134 -3.92804e-21)
(1.22176 -0.14783 5.08338e-21)
(1.23124 -0.141556 3.89276e-21)
(1.24284 -0.135016 -3.88985e-21)
(1.25095 -0.128109 2.40956e-20)
(1.26312 -0.12089 -2.40777e-20)
(1.26902 -0.113425 -5.15799e-20)
(1.2814 -0.105276 7.0411e-20)
(1.28492 -0.0973589 -3.88663e-20)
(1.2979 -0.0872963 -4.78574e-20)
(1.30623 -0.0789613 7.52085e-21)
(1.32649 -0.191996 -4.77723e-21)
(1.34116 -0.18116 -3.61022e-21)
(1.36052 -0.170482 4.05087e-20)
(1.37176 -0.1592 -7.54886e-21)
(1.39382 -0.148142 -2.81853e-20)
(1.39787 -0.135409 -2.30787e-20)
(1.42331 -0.122801 1.9125e-20)
(1.40722 -0.105958 9.90411e-22)
(1.43108 -0.0894994 4.12502e-20)
(1.37065 -0.0664712 1.28877e-19)
(1.03198 -0.00107272 0)
(1.03394 0.00140584 0)
(1.02746 0.00232759 0)
(1.01577 0.00117604 0)
(1.00898 0.00029855 0)
(1.00745 0.000384651 0)
(1.0065 0.000567789 0)
(1.00415 0.000438115 0)
(1.00282 0.000356477 0)
(1.00092 0.000239462 0)
(1.03645 -0.00326 0)
(1.03794 0.0046429 0)
(1.02899 0.00727219 0)
(1.01559 0.00354995 0)
(1.00888 0.000945199 0)
(1.00764 0.00123667 0)
(1.00654 0.00173481 0)
(1.00407 0.00131581 0)
(1.00271 0.00106456 0)
(1.00089 0.000711508 0)
(1.04613 -0.00541215 0)
(1.04637 0.00926126 0)
(1.03206 0.0129433 0)
(1.0152 0.00582601 0)
(1.00874 0.00166187 0)
(1.00803 0.00230086 0)
(1.00658 0.00298138 0)
(1.00387 0.00219372 0)
(1.00249 0.00175616 0)
(1.00083 0.00116238 0)
(1.06264 -0.00723574 0)
(1.05999 0.0169115 0)
(1.03657 0.0201039 0)
(1.0146 0.00805904 0)
(1.00873 0.00257525 0)
(1.00864 0.00370117 0)
(1.00657 0.00433045 0)
(1.00354 0.00306443 0)
(1.00216 0.00241777 0)
(1.00073 0.00157612 0)
(1.08904 -0.00864575 0)
(1.0801 0.0282274 0)
(1.04222 0.0289817 0)
(1.01365 0.0107173 0)
(1.009 0.00429845 0)
(1.00943 0.00571687 0)
(1.00641 0.00582777 0)
(1.00304 0.00392949 0)
(1.0017 0.00303555 0)
(1.00059 0.0019332 0)
(1.12897 -0.0065101 0)
(1.10844 0.0441133 0)
(1.04938 0.0373576 0)
(1.01279 0.0126567 0)
(1.00969 0.00671364 0)
(1.01017 0.00830471 0)
(1.00589 0.00743852 0)
(1.00231 0.00479534 0)
(1.00111 0.00360291 0)
(1.0004 0.00221746 0)
(1.1886 0.0011727 0)
(1.14505 0.0716645 0)
(1.05782 0.0505136 0)
(1.01348 0.0170666 0)
(1.0117 0.0106576 0)
(1.01091 0.0111707 0)
(1.00495 0.00882479 0)
(1.00132 0.0054766 0)
(1.00036 0.00400194 0)
(1.00015 0.00237059 0)
(1.27665 0.0172331 0)
(1.19357 0.09962 0)
(1.06662 0.066783 0)
(1.01429 0.028526 0)
(1.01367 0.0197892 0)
(1.0109 0.0164659 0)
(1.00344 0.0112926 0)
(1.0001 0.00663478 0)
(0.9995 0.00448132 0)
(0.999853 0.00245422 0)
(1.38007 0.0550214 0)
(1.23427 0.128599 0)
(1.06994 0.0891785 0)
(1.01396 0.0434884 0)
(1.01422 0.0247742 0)
(1.00909 0.01597 0)
(1.00072 0.0101383 0)
(0.998213 0.0060956 0)
(0.998258 0.00413384 0)
(0.999414 0.00219111 0)
(1.46241 0.0867379 0)
(1.32643 0.0920809 0)
(1.18352 0.0899322 0)
(1.08483 0.0794902 0)
(1.04199 0.0583583 0)
(1.01621 0.0336844 0)
(1.00158 0.0175225 0)
(0.997874 0.00881245 0)
(0.997645 0.00474983 0)
(0.99921 0.00206847 0)
(1.10501 0.212438 8.09862e-20)
(1.02456 0.166864 -9.07477e-21)
(0.990154 0.147748 4.99289e-21)
(0.97355 0.104549 4.63634e-21)
(0.984517 0.0607038 -3.45017e-21)
(0.988981 0.0305779 1.53389e-22)
(0.990229 0.0151103 5.332e-22)
(0.993576 0.0074048 1.28348e-22)
(0.995965 0.00383792 -3.1905e-23)
(0.99875 0.00161314 5.80457e-23)
(0.994266 0.206874 -8.2113e-21)
(0.924459 0.151225 -9.85953e-21)
(0.928737 0.142875 9.96363e-22)
(0.938657 0.102214 -1.36727e-21)
(0.966719 0.0591957 7.70386e-22)
(0.980685 0.0296878 -1.42618e-21)
(0.986801 0.0145771 -1.8526e-22)
(0.992282 0.007074 -1.10504e-21)
(0.995467 0.0036135 -1.11738e-22)
(0.998609 0.00149701 -5.64156e-23)
(0.876894 0.177092 6.50312e-20)
(0.812267 0.134983 6.83905e-21)
(0.86038 0.133492 3.77153e-21)
(0.900269 0.0964535 -1.77635e-21)
(0.947439 0.0562525 2.09352e-21)
(0.97183 0.0283281 8.26978e-22)
(0.983176 0.0138459 1.21013e-21)
(0.990925 0.00664481 9.67597e-22)
(0.994954 0.00334557 1.6364e-22)
(0.998463 0.00136744 5.17189e-23)
(0.752592 0.148833 -1.24729e-19)
(0.689458 0.12784 1.20294e-20)
(0.785845 0.12672 -3.53723e-21)
(0.858995 0.0902177 6.71851e-22)
(0.927155 0.0522912 6.09327e-22)
(0.962718 0.0263068 -2.56414e-21)
(0.979508 0.0127861 1.78931e-22)
(0.989572 0.00607196 -7.71385e-23)
(0.994455 0.00301835 -7.22086e-24)
(0.998322 0.0012199 2.68597e-23)
(0.615694 0.122049 9.70982e-20)
(0.55709 0.120269 -3.43045e-20)
(0.707103 0.11825 -1.72709e-21)
(0.816208 0.0823475 -4.88883e-21)
(0.906643 0.0472238 -1.30766e-21)
(0.953727 0.0236674 2.21118e-21)
(0.975959 0.0114329 5.49124e-22)
(0.988285 0.00537831 5.08199e-22)
(0.99399 0.00264389 1.90679e-22)
(0.998193 0.00105825 5.15504e-23)
(0.460474 0.0944393 -8.22723e-21)
(0.41788 0.108439 2.85952e-20)
(0.627678 0.105506 2.51002e-21)
(0.774119 0.071975 6.64085e-21)
(0.886975 0.0409082 -6.77876e-21)
(0.945305 0.0204236 -2.88582e-22)
(0.972698 0.00980867 -1.00215e-21)
(0.987123 0.00457639 -1.54665e-22)
(0.993578 0.00222824 -4.20223e-22)
(0.99808 0.000884467 -7.43153e-23)
(0.288247 0.0677697 -3.82724e-20)
(0.279016 0.0923211 3.0779e-21)
(0.552912 0.0882953 2.20668e-21)
(0.735565 0.0590991 6.22478e-22)
(0.869381 0.0333589 2.9165e-21)
(0.937919 0.0165984 -6.48393e-22)
(0.969886 0.00793118 2.27479e-22)
(0.986136 0.00367515 -1.13064e-22)
(0.993235 0.00177551 9.4598e-23)
(0.997987 0.000699963 9.1174e-24)
(0.114472 0.0443814 1.04251e-20)
(0.15372 0.0716279 1.99934e-21)
(0.48945 0.0668939 -1.72704e-23)
(0.703577 0.0440157 3.15001e-21)
(0.855059 0.0247113 6.7975e-22)
(0.931999 0.012261 -4.88381e-22)
(0.967661 0.00583494 3.53774e-22)
(0.985364 0.00268969 -1.69716e-22)
(0.99297 0.00129191 1.99779e-22)
(0.997916 0.000506692 -3.21274e-23)
(-0.0310092 0.0248355 5.24883e-21)
(0.058554 0.0458912 -6.14465e-21)
(0.443588 0.041833 -7.67523e-22)
(0.680787 0.0271694 -2.93805e-21)
(0.844985 0.0151973 -4.33416e-22)
(0.927876 0.00752589 3.67792e-22)
(0.966125 0.00357175 -2.59883e-22)
(0.984836 0.00164088 -1.18347e-22)
(0.992791 0.000785415 -1.43428e-22)
(0.997869 0.000307014 -1.90611e-23)
(-0.114671 0.00798803 -3.72167e-22)
(0.0074081 0.0158604 3.16639e-21)
(0.419662 0.0142327 2.54988e-22)
(0.668973 0.00918288 3.11284e-22)
(0.839798 0.00513033 -3.98094e-22)
(0.925765 0.00254027 8.16072e-23)
(0.965342 0.00120452 -7.44351e-23)
(0.984569 0.000552956 -7.15279e-24)
(0.9927 0.000264908 2.6679e-24)
(0.997845 0.000103443 1.8997e-23)
)
;

boundaryField
{
    inlet
    {
        type            uniformFixedValue;
        uniformValue    constant (1 0 0);
        value           uniform (1 0 0);
    }
    outlet
    {
        type            pressureInletOutletVelocity;
        value           nonuniform List<vector> 
40
(
(0.99921 -0.00206654 0)
(0.999413 -0.00218965 0)
(0.999852 -0.0024529 0)
(1.00014 -0.00236947 0)
(1.0004 -0.00221659 0)
(1.00059 -0.00193251 0)
(1.00073 -0.0015756 0)
(1.00082 -0.00116203 0)
(1.00089 -0.000711276 0)
(1.00091 -0.000239367 0)
(0.997845 -0.000101433 2.19204e-23)
(0.997868 -0.000305001 -1.89289e-23)
(0.997916 -0.000504679 -2.56449e-23)
(0.997987 -0.000697949 1.09934e-23)
(0.99808 -0.000882456 -4.78252e-23)
(0.998193 -0.00105624 7.0277e-23)
(0.998322 -0.0012179 2.41639e-23)
(0.998463 -0.00136545 3.01735e-23)
(0.998608 -0.00149504 -1.07555e-22)
(0.998749 -0.00161119 8.66986e-24)
(0.99875 0.00161314 5.80457e-23)
(0.998609 0.00149701 -5.64156e-23)
(0.998463 0.00136744 5.17189e-23)
(0.998322 0.0012199 2.68597e-23)
(0.998193 0.00105825 5.15504e-23)
(0.99808 0.000884467 -7.43153e-23)
(0.997987 0.000699963 9.1174e-24)
(0.997916 0.000506692 -3.21274e-23)
(0.997869 0.000307014 -1.90611e-23)
(0.997845 0.000103443 1.8997e-23)
(1.00092 0.000239462 0)
(1.00089 0.000711508 0)
(1.00083 0.00116238 0)
(1.00073 0.00157612 0)
(1.00059 0.0019332 0)
(1.0004 0.00221746 0)
(1.00015 0.00237059 0)
(0.999853 0.00245422 0)
(0.999414 0.00219111 0)
(0.99921 0.00206847 0)
)
;
    }
    cylinder
    {
        type            fixedValue;
        value           uniform (0 0 0);
    }
    top
    {
        type            symmetryPlane;
    }
    bottom
    {
        type            symmetryPlane;
    }
    defaultFaces
    {
        type            empty;
    }
}


// ************************************************************************* //
