/*--------------------------------*- C++ -*----------------------------------*\
  =========                 |
  \\      /  F ield         | OpenFOAM: The Open Source CFD Toolbox
   \\    /   O peration     | Website:  https://openfoam.org
    \\  /    A nd           | Version:  6.0
     \\/     M anipulation  |
\*---------------------------------------------------------------------------*/
FoamFile
{
    version     2.0;
    format      ascii;
    class       volVectorField;
    location    "2";
    object      U;
}
// * * * * * * * * * * * * * * * * * * * * * * * * * * * * * * * * * * * * * //

dimensions      [0 1 -1 0 0 0 0];

internalField   nonuniform List<vector> 
2000
(
(-0.0270955 0.0232208 6.01481e-20)
(-0.0954457 0.0372849 5.98637e-20)
(-0.179396 0.0372368 -5.44032e-20)
(-0.248413 0.031062 -1.08342e-19)
(-0.29643 0.0214043 -7.42584e-20)
(-0.322514 0.00922874 9.37456e-20)
(-0.325898 -0.00459576 5.1114e-20)
(-0.30773 -0.0186538 -2.03665e-20)
(-0.272692 -0.0305358 -4.58455e-20)
(-0.227042 -0.0370167 2.41581e-20)
(-0.0294269 0.0659471 -1.52824e-19)
(-0.0930609 0.107518 1.76662e-19)
(-0.167742 0.108581 1.82059e-20)
(-0.227459 0.091532 -9.27405e-20)
(-0.266953 0.0641588 4.41625e-19)
(-0.285691 0.0293541 -1.89072e-19)
(-0.283304 -0.0105034 -1.95445e-19)
(-0.260549 -0.0516162 2.24662e-19)
(-0.220836 -0.0873393 -1.92036e-19)
(-0.172357 -0.108048 8.1127e-20)
(-0.0333148 0.0985335 2.50794e-20)
(-0.0888257 0.165458 1.01226e-20)
(-0.146701 0.17063 5.22132e-19)
(-0.188964 0.146556 1.87762e-19)
(-0.211934 0.105684 4.72721e-20)
(-0.215725 0.0529135 2.82952e-19)
(-0.200734 -0.00833445 -5.16339e-19)
(-0.167592 -0.0730548 3.69218e-21)
(-0.117587 -0.132131 -2.74827e-19)
(-0.0600674 -0.170294 1.95923e-19)
(-0.0375459 0.116895 -5.01874e-20)
(-0.0837671 0.204624 2.48537e-19)
(-0.120611 0.217072 -6.70725e-19)
(-0.139916 0.190786 -8.28794e-20)
(-0.140299 0.141827 -4.79825e-19)
(-0.122629 0.0772489 4.95872e-19)
(-0.0881185 0.00133728 -5.09388e-19)
(-0.0380607 -0.080846 3.40631e-19)
(0.0276695 -0.160259 1.35072e-19)
(0.103582 -0.218852 -9.08071e-20)
(-0.0409659 0.120378 -5.87025e-19)
(-0.0790506 0.221473 4.08841e-21)
(-0.0947025 0.242606 8.53815e-19)
(-0.0892952 0.21814 2.68396e-19)
(-0.0642848 0.165975 -7.80386e-19)
(-0.0214109 0.0951547 4.78165e-19)
(0.0375819 0.0110605 5.34319e-19)
(0.110403 -0.0812477 -4.57062e-19)
(0.195512 -0.174464 3.13917e-19)
(0.298498 -0.252721 6.18767e-20)
(-0.0429416 0.111765 8.02503e-20)
(-0.0754218 0.216556 1.42278e-20)
(-0.0730316 0.24471 -1.08145e-18)
(-0.0445318 0.223923 -6.00328e-19)
(0.00577587 0.17179 7.07635e-19)
(0.0752119 0.0985528 -8.07752e-19)
(0.161605 0.0107656 9.25019e-19)
(0.261859 -0.0856457 -8.06649e-20)
(0.368591 -0.184475 -2.56137e-19)
(0.502668 -0.275844 -5.00103e-19)
(-0.043592 0.0960394 -1.71918e-19)
(-0.0728342 0.194508 -2.54503e-19)
(-0.0566515 0.224992 -3.07831e-19)
(-0.00794537 0.206982 6.19246e-19)
(0.0669082 0.156038 1.15626e-18)
(0.164375 0.0825586 -2.24774e-19)
(0.281157 -0.00595438 -5.80989e-19)
(0.412439 -0.10205 1.71096e-19)
(0.542279 -0.198919 -1.00762e-18)
(0.704043 -0.292446 8.14591e-19)
(-0.0436062 0.0784259 1.04288e-18)
(-0.0702948 0.162441 -4.55925e-19)
(-0.0427406 0.189023 8.68453e-19)
(0.0252059 0.170746 -1.36908e-18)
(0.12621 0.120417 -6.53666e-19)
(0.255441 0.0479587 -8.92553e-19)
(0.406324 -0.0383049 2.41896e-19)
(0.569242 -0.129686 -7.06462e-19)
(0.720713 -0.217953 1.49146e-18)
(0.897203 -0.302345 2.79351e-19)
(-0.0436427 0.0626532 5.88652e-20)
(-0.0656682 0.127369 7.41969e-19)
(-0.0247892 0.144467 1.39157e-18)
(0.0660965 0.122528 4.28183e-19)
(0.198787 0.0720462 1.21483e-18)
(0.364677 0.00250453 6.98502e-20)
(0.550113 -0.0771446 -1.97478e-20)
(0.737639 -0.158508 4.59843e-19)
(0.901948 -0.232152 3.7059e-19)
(1.0717 -0.301236 -8.89322e-19)
(-0.0436538 0.0501817 -5.84477e-19)
(-0.0555991 0.0940929 -8.10452e-19)
(0.00590356 0.0986007 -1.13719e-18)
(0.128455 0.0713878 1.11899e-20)
(0.30042 0.0218548 -5.55561e-19)
(0.504494 -0.0407985 8.50765e-19)
(0.716481 -0.108039 -2.30397e-18)
(0.911838 -0.173819 1.0067e-18)
(1.07048 -0.228334 3.73819e-19)
(1.20835 -0.285275 8.0644e-19)
(-0.0426205 0.0405136 2.93198e-19)
(-0.0360247 0.0645273 -9.0785e-19)
(0.0575103 0.0565845 7.7088e-19)
(0.222662 0.0256286 -2.92008e-19)
(0.438663 -0.0191276 3.0452e-19)
(0.674765 -0.0694721 6.53421e-19)
(0.897302 -0.119144 -8.45686e-19)
(1.08076 -0.165139 1.07138e-19)
(1.21198 -0.200648 -3.66471e-19)
(1.29158 -0.255251 3.3296e-19)
(-0.0388321 0.0321923 4.00898e-19)
(-0.00303864 0.0385091 -8.1321e-19)
(0.135355 0.0213258 1.06421e-18)
(0.351618 -0.00863274 -6.38602e-19)
(0.608609 -0.0431193 -2.28181e-19)
(0.861738 -0.0768842 1.28479e-19)
(1.07531 -0.107318 8.24851e-20)
(1.23197 -0.133118 8.11833e-19)
(1.32788 -0.152644 2.27263e-19)
(1.38072 -0.175153 5.34188e-19)
(-0.0303762 0.0238871 -3.53703e-19)
(0.0466246 0.0154404 1.04434e-18)
(0.241327 -0.00517003 -8.45916e-19)
(0.510443 -0.0272016 -9.62384e-19)
(0.795672 -0.0463723 1.28448e-18)
(1.04537 -0.0623378 -9.23145e-19)
(1.23206 -0.0758675 2.35347e-19)
(1.3514 -0.0874053 -1.1736e-18)
(1.41279 -0.0959956 8.34369e-19)
(1.43426 -0.107739 1.21243e-20)
(-0.0154803 0.015063 -4.60127e-19)
(0.115471 -0.00418438 -3.74929e-19)
(0.373953 -0.0202894 -7.77892e-19)
(0.688161 -0.0273487 8.91454e-19)
(0.981586 -0.0288888 -3.89758e-20)
(1.20804 -0.0293499 5.20371e-19)
(1.35627 -0.0309833 8.50602e-19)
(1.43654 -0.0337294 -2.51753e-19)
(1.46631 -0.0368024 -6.90864e-19)
(1.46515 -0.041874 1.04399e-18)
(0.00736424 0.00611708 -2.40915e-19)
(0.204884 -0.0180837 -2.43223e-19)
(0.527857 -0.0206429 4.27557e-19)
(0.870186 -0.00818648 -7.4307e-19)
(1.15008 0.00637237 1.26607e-19)
(1.33919 0.0165216 1.03534e-19)
(1.4453 0.0211282 1.77745e-20)
(1.48994 0.0216727 -3.13935e-20)
(1.49504 0.0196257 -1.08694e-19)
(1.47887 0.016751 -8.63974e-19)
(0.0393551 -0.00179148 9.92348e-19)
(0.314252 -0.022502 -5.88196e-19)
(0.693492 -0.00342952 7.12571e-21)
(1.04182 0.0288121 -8.07974e-19)
(1.29049 0.0547908 -2.57425e-19)
(1.4359 0.0698453 2.4791e-19)
(1.50247 0.0757693 1.49151e-19)
(1.51846 0.075931 -5.33847e-19)
(1.50619 0.0729595 3.73851e-19)
(1.48074 0.0698977 -3.76657e-19)
(0.0812479 -0.00694728 4.3775e-19)
(0.439942 -0.0132919 -3.41661e-19)
(0.858728 0.0320735 1.29834e-18)
(1.19169 0.0802594 1.22683e-19)
(1.39854 0.111585 2.67676e-19)
(1.50061 0.126408 1.06204e-18)
(1.53393 0.130066 -1.69532e-19)
(1.52883 0.127531 1.04302e-19)
(1.50538 0.122176 2.73767e-20)
(1.47541 0.117916 -5.16565e-20)
(0.133076 -0.00725756 3.17132e-19)
(0.574989 0.0126584 6.31695e-19)
(1.01189 0.0842185 -6.34419e-19)
(1.31332 0.142013 -1.91551e-19)
(1.47483 0.172795 -2.16344e-19)
(1.53831 0.183489 3.20668e-19)
(1.54591 0.182631 -1.46715e-19)
(1.52656 0.176229 3.74496e-19)
(1.49673 0.16821 1.087e-19)
(1.46476 0.161811 -1.44082e-19)
(0.193791 -0.000504177 -3.4514e-19)
(0.710175 0.056308 2.63179e-19)
(1.14418 0.149768 -5.18269e-19)
(1.40461 0.210129 2.04341e-19)
(1.52257 0.235525 -1.95711e-19)
(1.55436 0.23949 -2.19032e-19)
(1.54349 0.23287 -1.55691e-19)
(1.51531 0.222058 1.6438e-19)
(1.48228 0.211001 -2.83303e-19)
(1.45009 0.201848 1.3854e-19)
(0.261006 0.0152697 -1.26758e-19)
(0.836121 0.116241 -2.0872e-19)
(1.25038 0.224834 9.39922e-20)
(1.46643 0.281267 7.84685e-21)
(1.54592 0.297761 6.44766e-20)
(1.5534 0.293507 7.70494e-20)
(1.53028 0.280587 6.27742e-20)
(1.49728 0.265211 -8.15407e-20)
(1.46316 0.251027 6.32728e-20)
(1.43169 0.238526 -7.72157e-20)
(0.331036 0.0413068 -7.96792e-20)
(0.945117 0.189274 -2.75183e-20)
(1.32828 0.305474 8.50398e-20)
(1.50117 0.352708 -3.88513e-20)
(1.54886 0.358061 8.26442e-20)
(1.53899 0.344931 -9.96732e-20)
(1.5086 0.325587 2.33691e-20)
(1.4736 0.305627 2.20722e-20)
(1.43973 0.28806 -7.59055e-21)
(1.40969 0.271701 2.44988e-20)
(0.399312 0.0777701 -9.33639e-20)
(1.03192 0.271311 -3.25244e-19)
(1.37786 0.387986 -1.87165e-20)
(1.51179 0.422213 4.50087e-21)
(1.53484 0.415288 -2.92907e-19)
(1.51367 0.393212 3.69729e-20)
(1.47982 0.367597 -2.94093e-20)
(1.44481 0.343156 -6.45652e-20)
(1.41215 0.322078 1.26632e-19)
(1.38413 0.301616 -1.80004e-19)
(0.46107 0.123597 -5.132e-20)
(1.09362 0.357988 6.89827e-19)
(1.40044 0.469008 7.24498e-20)
(1.50132 0.487866 -4.84969e-19)
(1.50661 0.468402 -4.83897e-20)
(1.47919 0.437708 -3.6438e-19)
(1.4448 0.406132 2.48306e-19)
(1.41123 0.377354 -8.42402e-20)
(1.38055 0.352643 1.47819e-19)
(1.35506 0.328008 -8.51182e-20)
(0.512064 0.176613 -2.94386e-19)
(1.12926 0.445031 2.4089e-19)
(1.39815 0.545555 -1.3859e-19)
(1.47262 0.547964 9.42928e-19)
(1.46641 0.516367 3.9874e-19)
(1.43683 0.477657 -8.52468e-20)
(1.40411 0.440566 2.7934e-19)
(1.37313 0.407704 -1.71407e-19)
(1.34512 0.379437 -4.46768e-20)
(1.32269 0.350929 2.46188e-19)
(0.549068 0.233813 -5.26618e-19)
(1.13929 0.528421 5.7688e-19)
(1.37357 0.614986 -9.33016e-19)
(1.42835 0.600934 1.2898e-19)
(1.41606 0.558114 2.19199e-19)
(1.38762 0.512192 -3.15159e-19)
(1.35831 0.470131 -3.58549e-19)
(1.3309 0.433512 1.59759e-19)
(1.30625 0.401908 -1.85072e-19)
(1.28733 0.370046 1.93133e-19)
(0.570119 0.29172 -1.32612e-19)
(1.12521 0.60446 -5.76379e-19)
(1.3295 0.674947 2.84202e-19)
(1.37096 0.645287 4.12263e-19)
(1.35724 0.592534 -2.23917e-19)
(1.33258 0.540403 -1.51668e-19)
(1.30816 0.494069 -1.13903e-19)
(1.28525 0.454144 -4.84125e-20)
(1.26471 0.419615 4.65302e-22)
(1.24986 0.385206 1.13937e-19)
(0.574526 0.346739 1.55785e-19)
(1.08927 0.669832 -6.18392e-19)
(1.26878 0.723342 8.01536e-19)
(1.30268 0.679553 -4.31414e-19)
(1.29139 0.618408 1.24162e-19)
(1.27272 0.561243 -1.53895e-19)
(1.25455 0.511513 1.52818e-19)
(1.23728 0.468874 6.82667e-20)
(1.22193 0.431949 7.01958e-20)
(1.21195 0.395938 -9.19963e-20)
(0.562761 0.395486 -4.65216e-19)
(1.03429 0.721718 6.69344e-19)
(1.1943 0.758391 -3.13772e-20)
(1.22558 0.702343 -1.50304e-19)
(1.21973 0.634364 -1.65973e-19)
(1.20876 0.573289 2.86845e-20)
(1.19817 0.521065 -7.40344e-20)
(1.18808 0.476437 4.05045e-22)
(1.17956 0.437909 -8.01509e-21)
(1.17541 0.40171 1.86055e-20)
(0.536288 0.435052 5.6847e-19)
(0.963536 0.757926 -1.86418e-19)
(1.10897 0.778806 -1.11105e-19)
(1.14158 0.712658 2.66675e-19)
(1.14326 0.639262 -1.39005e-19)
(1.14096 0.574933 -5.25818e-22)
(1.13888 0.520399 -8.68362e-20)
(1.13751 0.473798 -4.39437e-20)
(1.13753 0.434321 -5.89323e-20)
(1.13944 0.400368 2.36484e-20)
(0.497355 0.463155 -3.93183e-19)
(0.88063 0.776918 1.73744e-19)
(1.01585 0.783873 -8.75713e-20)
(1.05278 0.710257 -5.08946e-20)
(1.06312 0.633137 6.40749e-21)
(1.06955 0.566095 1.99701e-19)
(1.07587 0.508504 -6.06763e-20)
(1.08352 0.457757 6.02589e-20)
(1.09193 0.414663 9.47511e-20)
(1.09705 0.38412 2.72853e-19)
(0.448748 0.478158 1.20354e-20)
(0.789456 0.777696 -3.96705e-20)
(0.918181 0.773182 3.69244e-19)
(0.961647 0.695276 -7.39233e-20)
(0.98123 0.617094 4.36708e-19)
(0.995944 0.549553 2.72422e-19)
(1.00955 0.490492 -6.11232e-19)
(1.0245 0.435329 9.13433e-19)
(1.03875 0.381695 -1.89625e-19)
(1.03695 0.337275 3.26328e-19)
(0.393526 0.479048 -6.20756e-20)
(0.693946 0.759747 -1.63371e-19)
(0.819285 0.746379 1.72183e-19)
(0.870982 0.66724 -2.99625e-19)
(0.900488 0.590698 -9.76886e-19)
(0.923698 0.525914 -3.88935e-19)
(0.943989 0.470861 -3.23641e-19)
(0.96314 0.422698 1.60529e-19)
(0.97679 0.381611 1.26268e-18)
(0.972711 0.351669 -2.25482e-19)
(0.334821 0.465456 1.22744e-19)
(0.597897 0.723187 -4.28985e-19)
(0.72224 0.703613 1.00674e-19)
(0.78325 0.62584 -6.89456e-19)
(0.823324 0.552178 1.44293e-18)
(0.856 0.489726 -1.6413e-19)
(0.884156 0.435924 7.31847e-19)
(0.908933 0.388067 -9.91532e-19)
(0.92659 0.347367 3.06099e-19)
(0.928575 0.320496 4.11971e-20)
(0.275718 0.437609 7.36237e-20)
(0.504956 0.668732 4.79833e-19)
(0.629948 0.645747 -1.52029e-18)
(0.700373 0.572513 6.92139e-19)
(0.750245 0.504755 2.35486e-21)
(0.791269 0.448201 -2.19495e-19)
(0.826333 0.40041 2.64876e-19)
(0.856641 0.3587 -2.50246e-19)
(0.879322 0.322905 -8.24863e-19)
(0.88825 0.296844 -1.99412e-19)
(0.219128 0.396225 3.22075e-19)
(0.418583 0.597436 3.34778e-19)
(0.545495 0.573329 1.32404e-18)
(0.625403 0.506691 -7.05365e-19)
(0.684807 0.44577 1.38113e-18)
(0.733772 0.394968 -2.84285e-19)
(0.775237 0.352151 -2.82839e-19)
(0.810848 0.31536 3.18852e-19)
(0.838749 0.284557 2.02078e-19)
(0.854319 0.262176 6.35859e-19)
(0.167638 0.342547 -3.72395e-19)
(0.341644 0.511097 9.57687e-20)
(0.470943 0.488215 2.84285e-20)
(0.559469 0.430685 7.31373e-19)
(0.627358 0.378791 -1.72922e-18)
(0.683445 0.335808 2.84185e-19)
(0.730702 0.299738 5.81398e-19)
(0.771058 0.268772 -6.77219e-19)
(0.803629 0.242591 2.29999e-19)
(0.825348 0.22287 -9.26889e-19)
(0.12357 0.2782 8.1547e-20)
(0.27688 0.411736 3.76828e-19)
(0.408717 0.391858 1.42552e-19)
(0.504696 0.345063 1.76811e-19)
(0.57974 0.303178 3.16794e-19)
(0.6418 0.268615 8.83173e-19)
(0.693958 0.23979 -1.03136e-18)
(0.73839 0.215257 -5.51094e-19)
(0.775025 0.194527 8.95372e-20)
(0.802056 0.178532 6.05015e-19)
(0.0887985 0.20517 -4.94976e-19)
(0.22637 0.301881 -4.90407e-20)
(0.360463 0.286583 -3.95192e-19)
(0.462369 0.252109 5.1927e-20)
(0.543026 0.221444 -3.00561e-19)
(0.609736 0.196196 -3.24761e-19)
(0.665676 0.175185 -4.57227e-19)
(0.713262 0.157348 1.17879e-18)
(0.753141 0.142237 1.93719e-19)
(0.784475 0.13038 -2.59113e-19)
(0.064787 0.125727 2.66978e-19)
(0.191762 0.184285 3.02497e-19)
(0.327523 0.17465 1.11283e-19)
(0.433535 0.153526 -5.69145e-19)
(0.518051 0.13481 -2.49182e-19)
(0.587957 0.119434 -5.1449e-20)
(0.646492 0.10667 9.47298e-20)
(0.696245 0.0958616 7.28809e-20)
(0.738389 0.0866888 -5.3483e-19)
(0.77274 0.0794103 2.68222e-19)
(0.0525305 0.0423551 -1.40894e-19)
(0.174179 0.0619654 -1.35546e-19)
(0.310826 0.0586786 1.02144e-19)
(0.418937 0.0515644 8.50269e-20)
(0.505417 0.0452731 8.2417e-20)
(0.576946 0.0401088 1.18009e-19)
(0.636799 0.0358266 -7.03382e-21)
(0.687658 0.032205 -1.41368e-19)
(0.730975 0.0291298 1.28047e-19)
(0.766883 0.0266782 -1.67815e-19)
(0.05253 -0.0423419 -1.42546e-19)
(0.174178 -0.0619454 -1.30004e-19)
(0.310825 -0.0586583 1.12585e-19)
(0.418936 -0.0515452 2.05841e-19)
(0.505416 -0.0452552 1.28063e-19)
(0.576945 -0.0400923 -1.60586e-19)
(0.636798 -0.0358113 -8.17498e-20)
(0.687658 -0.0321909 3.5383e-20)
(0.730974 -0.0291166 7.478e-20)
(0.766883 -0.0266657 -3.86746e-20)
(0.0647855 -0.125714 3.38845e-19)
(0.19176 -0.184265 -3.61317e-19)
(0.327521 -0.17463 -2.88075e-20)
(0.433532 -0.153507 1.77788e-19)
(0.518049 -0.134793 -7.55942e-19)
(0.587955 -0.119418 3.05632e-19)
(0.64649 -0.106655 2.97972e-19)
(0.696243 -0.0958475 -3.37997e-19)
(0.738387 -0.0866757 3.0965e-19)
(0.772738 -0.0793979 -1.19812e-19)
(0.088796 -0.205157 -5.67219e-20)
(0.226366 -0.301861 -1.80642e-21)
(0.360458 -0.286563 -9.17102e-19)
(0.462365 -0.25209 -2.69954e-19)
(0.543022 -0.221426 -2.20692e-20)
(0.609732 -0.19618 -3.98268e-19)
(0.665672 -0.17517 7.08835e-19)
(0.713259 -0.157334 -2.59767e-20)
(0.753138 -0.142224 3.74792e-19)
(0.784473 -0.130368 -2.83984e-19)
(0.123566 -0.278187 9.48121e-20)
(0.276875 -0.411717 -3.75791e-19)
(0.408711 -0.391839 1.10037e-18)
(0.504691 -0.345044 1.48514e-19)
(0.579735 -0.303161 6.78433e-19)
(0.641796 -0.268599 -6.25203e-19)
(0.693954 -0.239775 6.27498e-19)
(0.738386 -0.215244 -4.36961e-19)
(0.775021 -0.194515 -1.86282e-19)
(0.802053 -0.17852 1.34626e-19)
(0.167634 -0.342534 8.1234e-19)
(0.341637 -0.511078 1.87641e-20)
(0.470935 -0.488196 -1.13268e-18)
(0.559462 -0.430667 -3.0943e-19)
(0.627351 -0.378774 9.83984e-19)
(0.683438 -0.335792 -5.46757e-19)
(0.730696 -0.299724 -5.98358e-19)
(0.771053 -0.268759 5.20609e-19)
(0.803624 -0.242579 -3.39594e-19)
(0.825344 -0.222858 -6.42429e-20)
(0.219122 -0.396213 -1.24219e-19)
(0.418575 -0.597417 -7.94989e-21)
(0.545486 -0.57331 1.18638e-18)
(0.625394 -0.506674 6.561e-19)
(0.684799 -0.445754 -7.3343e-19)
(0.733764 -0.394953 8.521e-19)
(0.77523 -0.352138 -8.69347e-19)
(0.810841 -0.315348 8.7431e-20)
(0.838743 -0.284545 2.42899e-19)
(0.854314 -0.262165 4.83713e-19)
(0.275711 -0.437597 1.05686e-19)
(0.504946 -0.668714 1.48282e-19)
(0.629938 -0.645729 1.70306e-19)
(0.700363 -0.572496 -5.82203e-19)
(0.750235 -0.504739 -9.97124e-19)
(0.79126 -0.448186 2.03692e-19)
(0.826324 -0.400397 5.63895e-19)
(0.856633 -0.358688 -1.55046e-19)
(0.879315 -0.322894 8.89079e-19)
(0.888243 -0.296834 -7.56461e-19)
(0.334813 -0.465444 -5.65119e-19)
(0.597885 -0.72317 1.33281e-19)
(0.722227 -0.703596 -5.9202e-19)
(0.783238 -0.625824 9.36648e-19)
(0.823313 -0.552163 4.61223e-19)
(0.855989 -0.489713 6.17075e-19)
(0.884146 -0.435911 -1.32793e-19)
(0.908923 -0.388056 5.20061e-19)
(0.926581 -0.347357 -1.06558e-18)
(0.928567 -0.320488 -2.42659e-19)
(0.393517 -0.479037 1.21971e-19)
(0.693933 -0.75973 -2.55515e-19)
(0.819271 -0.746363 -4.77035e-19)
(0.870968 -0.667224 -2.61456e-19)
(0.900476 -0.590684 -6.75375e-19)
(0.923686 -0.525901 -7.2689e-20)
(0.943977 -0.47085 5.93251e-20)
(0.96313 -0.422688 -2.30226e-19)
(0.97678 -0.381602 -2.60872e-19)
(0.972702 -0.351661 5.87989e-19)
(0.448738 -0.478147 2.09713e-20)
(0.789441 -0.77768 7.52212e-20)
(0.918165 -0.773167 3.67292e-19)
(0.961632 -0.695262 5.2314e-20)
(0.981216 -0.61708 2.71911e-19)
(0.995931 -0.549541 -3.41975e-19)
(1.00953 -0.490481 1.02503e-18)
(1.02449 -0.435319 -4.35517e-19)
(1.03874 -0.381688 -2.13961e-19)
(1.03694 -0.337269 -5.56944e-19)
(0.497345 -0.463145 3.01694e-22)
(0.880614 -0.776902 -1.52127e-19)
(1.01583 -0.783858 5.15603e-20)
(1.05276 -0.710244 3.07656e-20)
(1.0631 -0.633124 -4.47594e-20)
(1.06953 -0.566084 -1.50254e-19)
(1.07586 -0.508494 1.89065e-19)
(1.08351 -0.457748 -7.62945e-20)
(1.09192 -0.414655 8.97268e-20)
(1.09704 -0.384113 -1.59293e-19)
(0.536276 -0.435042 1.88252e-19)
(0.963518 -0.757911 -3.87086e-19)
(1.10895 -0.778793 2.90568e-19)
(1.14157 -0.712645 -3.36026e-20)
(1.14324 -0.639251 -6.39362e-20)
(1.14094 -0.574923 2.53479e-20)
(1.13886 -0.52039 -2.31225e-21)
(1.13749 -0.473789 -1.08797e-19)
(1.13752 -0.434313 -6.48123e-20)
(1.13943 -0.400361 -1.16575e-19)
(0.562748 -0.395477 -2.57756e-19)
(1.03427 -0.721705 6.795e-19)
(1.19428 -0.758379 -3.52902e-19)
(1.22556 -0.702332 -1.88922e-19)
(1.21971 -0.634354 2.19237e-19)
(1.20874 -0.57328 -6.95984e-20)
(1.19815 -0.521057 2.56524e-20)
(1.18806 -0.47643 2.5589e-21)
(1.17954 -0.437902 -1.72245e-20)
(1.1754 -0.401704 2.73897e-21)
(0.574513 -0.346732 -4.31446e-19)
(1.08925 -0.66982 -2.67546e-19)
(1.26876 -0.723331 -4.4128e-19)
(1.30266 -0.679543 4.86428e-19)
(1.29137 -0.618399 -1.90039e-20)
(1.2727 -0.561235 1.44129e-19)
(1.25453 -0.511505 1.7996e-19)
(1.23726 -0.468867 -5.81162e-20)
(1.22192 -0.431943 -7.36883e-20)
(1.21194 -0.395933 1.03408e-19)
(0.570105 -0.291713 -2.52954e-19)
(1.12519 -0.604449 -2.60389e-19)
(1.32947 -0.674938 3.13548e-19)
(1.37093 -0.645279 -4.4772e-19)
(1.35722 -0.592527 8.38457e-20)
(1.33256 -0.540398 3.90225e-20)
(1.30814 -0.494064 5.07816e-20)
(1.28523 -0.454139 -3.32287e-20)
(1.2647 -0.41961 -4.57716e-20)
(1.24985 -0.385202 -2.15108e-19)
(0.549054 -0.233807 1.03088e-18)
(1.13927 -0.528412 -6.06946e-19)
(1.37355 -0.614978 1.34654e-20)
(1.42833 -0.600929 -6.08923e-19)
(1.41604 -0.558109 -1.44804e-19)
(1.3876 -0.512188 1.27769e-19)
(1.3583 -0.470128 7.82774e-20)
(1.33088 -0.433509 -2.57965e-19)
(1.30624 -0.401905 1.30343e-19)
(1.28731 -0.370044 -1.63859e-19)
(0.512049 -0.176609 4.7212e-19)
(1.12924 -0.445023 -3.48665e-19)
(1.39812 -0.54555 1.17462e-18)
(1.4726 -0.54796 6.6731e-20)
(1.46638 -0.516365 2.09343e-19)
(1.43681 -0.477656 6.7777e-19)
(1.40409 -0.440565 -1.32304e-19)
(1.37311 -0.407703 3.51256e-20)
(1.34511 -0.379436 -9.50755e-21)
(1.32268 -0.350928 -2.57455e-20)
(0.461055 -0.123594 3.39098e-19)
(1.09359 -0.357982 6.56413e-19)
(1.40041 -0.469004 -5.70627e-19)
(1.50129 -0.487865 -1.33368e-19)
(1.50659 -0.468403 -1.3598e-19)
(1.47917 -0.437709 2.60597e-19)
(1.44478 -0.406134 -1.12613e-19)
(1.41122 -0.377356 2.57535e-19)
(1.38053 -0.352644 6.17656e-20)
(1.35505 -0.328009 -8.64563e-20)
(0.399297 -0.0777682 -3.66104e-19)
(1.03189 -0.271307 2.65483e-19)
(1.37783 -0.387983 -5.07858e-19)
(1.51176 -0.422214 1.87214e-19)
(1.53481 -0.415291 -1.69639e-19)
(1.51365 -0.393216 -1.81381e-19)
(1.47981 -0.367602 -1.27118e-19)
(1.44479 -0.34316 1.34116e-19)
(1.41213 -0.322082 -2.22264e-19)
(1.38411 -0.30162 1.11783e-19)
(0.331021 -0.0413059 -1.30749e-19)
(0.945086 -0.189271 -2.11573e-19)
(1.32825 -0.305474 9.38026e-20)
(1.50114 -0.352711 8.93661e-21)
(1.54884 -0.358067 5.92806e-20)
(1.53897 -0.344938 7.38903e-20)
(1.50858 -0.325594 5.59529e-20)
(1.47358 -0.305635 -7.43197e-20)
(1.43971 -0.288068 5.6411e-20)
(1.40968 -0.271708 -6.95962e-20)
(0.260993 -0.0152698 -7.66855e-20)
(0.836088 -0.11624 -2.55588e-20)
(1.25034 -0.224835 8.76369e-20)
(1.4664 -0.281272 -3.94024e-20)
(1.54589 -0.297769 8.99075e-20)
(1.55338 -0.293517 -1.05742e-19)
(1.53026 -0.280597 2.72165e-20)
(1.49727 -0.265222 2.12962e-20)
(1.46315 -0.251038 -6.12947e-21)
(1.43168 -0.238536 2.41986e-20)
(0.193779 0.000503389 -8.37514e-20)
(0.710143 -0.0563085 -3.17844e-19)
(1.14414 -0.149771 -2.43137e-20)
(1.40458 -0.210135 8.46582e-21)
(1.52254 -0.235535 -3.40879e-19)
(1.55434 -0.239502 3.47561e-20)
(1.54347 -0.232884 -3.47005e-20)
(1.5153 -0.222072 -8.08623e-20)
(1.48227 -0.211015 1.6117e-19)
(1.45008 -0.201861 -2.28446e-19)
(0.133066 0.00725638 -4.41028e-20)
(0.574957 -0.0126605 6.71556e-19)
(1.01185 -0.0842226 8.56799e-20)
(1.31328 -0.142021 -5.40156e-19)
(1.47479 -0.172807 -7.22223e-20)
(1.53829 -0.183503 -5.0057e-19)
(1.54588 -0.182647 3.55965e-19)
(1.52654 -0.176245 -1.25422e-19)
(1.49671 -0.168227 2.32087e-19)
(1.46474 -0.161828 -1.44396e-19)
(0.0812407 0.00694602 -2.72851e-19)
(0.439912 0.0132884 2.59785e-19)
(0.858684 -0.032079 -1.72141e-19)
(1.19165 -0.0802688 1.16282e-18)
(1.3985 -0.111599 5.59685e-19)
(1.50058 -0.126425 -1.27672e-19)
(1.5339 -0.130085 4.83361e-19)
(1.52881 -0.127551 -2.82194e-19)
(1.50537 -0.122196 -6.57811e-20)
(1.4754 -0.117936 4.55222e-19)
(0.0393501 0.00179044 -5.0341e-19)
(0.314227 0.0224975 6.11445e-19)
(0.693448 0.00342251 -1.13434e-18)
(1.04177 -0.0288229 1.84085e-19)
(1.29044 -0.0548061 4.23835e-19)
(1.43586 -0.0698643 -5.09868e-19)
(1.50244 -0.0757908 -7.96581e-19)
(1.51844 -0.075954 4.02255e-19)
(1.50617 -0.0729829 -4.43054e-19)
(1.48073 -0.0699212 5.33861e-19)
(0.00736134 -0.00611767 -1.22838e-19)
(0.204864 0.018079 -6.27698e-19)
(0.527816 0.0206346 2.93337e-19)
(0.870133 0.00817417 7.0138e-19)
(1.15002 -0.00638928 -3.61808e-19)
(1.33914 -0.0165427 -3.28162e-19)
(1.44526 -0.0211525 -5.04432e-19)
(1.48992 -0.0216989 -1.79305e-19)
(1.49503 -0.0196526 -1.18572e-20)
(1.47886 -0.0167784 5.07193e-19)
(-0.0154814 -0.015063 2.00843e-19)
(0.115456 0.00418009 -8.33755e-19)
(0.373917 0.0202804 1.38101e-18)
(0.688108 0.027335 -7.28351e-19)
(0.981527 0.0288702 4.54694e-19)
(1.20798 0.0293266 -5.30199e-19)
(1.35623 0.0309563 5.60251e-19)
(1.4365 0.0336998 4.42421e-19)
(1.46628 0.0367717 7.62978e-19)
(1.46513 0.0418422 -9.53207e-19)
(-0.0303759 -0.0238865 -6.19635e-19)
(0.046614 -0.0154437 1.05895e-18)
(0.241298 0.00516127 1.95603e-20)
(0.510394 0.0271871 -3.43406e-19)
(0.79561 0.046352 -1.71148e-19)
(1.0453 0.0623123 1.23926e-19)
(1.232 0.0758376 -9.13736e-19)
(1.35136 0.087372 5.84798e-19)
(1.41276 0.0959609 -7.43132e-19)
(1.43424 0.107702 -2.03632e-19)
(-0.0388308 -0.0321912 1.07908e-18)
(-0.00304501 -0.0385112 -2.79921e-19)
(0.135333 -0.0213335 -5.12935e-19)
(0.351575 0.00861842 1.33622e-18)
(0.608548 0.0430981 -1.27067e-18)
(0.861668 0.0768565 6.82644e-19)
(1.07524 0.107285 6.77945e-19)
(1.23191 0.133081 1.56828e-19)
(1.32783 0.152604 1.56346e-19)
(1.3807 0.175111 -1.22664e-19)
(-0.0426187 -0.0405122 -1.04656e-18)
(-0.0360277 -0.064528 8.34625e-19)
(0.0574948 -0.05659 -7.02077e-19)
(0.222628 -0.0256411 8.58853e-19)
(0.438609 0.0191068 -2.43845e-19)
(0.674696 0.0694431 -8.48248e-19)
(0.897227 0.119108 2.40681e-19)
(1.08068 0.165097 -3.22992e-19)
(1.21192 0.200603 -3.29461e-19)
(1.29154 0.255201 -6.61693e-19)
(-0.0436519 -0.0501801 -1.35651e-18)
(-0.0555999 -0.0940914 8.8918e-19)
(0.00589306 -0.0986027 -1.66484e-18)
(0.128429 -0.0713966 2.88572e-19)
(0.300375 -0.0218728 -1.09353e-18)
(0.504429 0.0407703 -6.56062e-19)
(0.716404 0.108001 1.51944e-18)
(0.911756 0.173773 -2.04095e-18)
(1.0704 0.228285 3.90493e-19)
(1.20828 0.28522 -4.3607e-19)
(-0.043641 -0.0626508 6.74472e-19)
(-0.065668 -0.127364 2.47814e-19)
(-0.0247971 -0.144464 -8.33658e-20)
(0.0660754 -0.12253 6.12689e-19)
(0.198749 -0.0720585 1.79516e-18)
(0.36462 -0.0025287 6.26212e-19)
(0.550039 0.0771083 6.34007e-19)
(0.737553 0.158461 -2.21891e-19)
(0.901859 0.232098 -1.97895e-18)
(1.07161 0.301175 3.86333e-19)
(-0.0436046 -0.0784215 -2.01554e-19)
(-0.0702946 -0.16243 5.29285e-19)
(-0.0427488 -0.189011 -1.34658e-19)
(0.0251854 -0.17074 8.96635e-19)
(0.126175 -0.120421 -2.00064e-18)
(0.255389 -0.0479756 1.84564e-19)
(0.406254 0.0382734 -9.51684e-19)
(0.569158 0.129641 1.37778e-18)
(0.72062 0.217898 -3.94163e-19)
(0.897108 0.302278 -3.04345e-20)
(-0.0435903 -0.0960311 -1.36206e-19)
(-0.0728349 -0.194488 -6.33444e-19)
(-0.0566619 -0.224969 1.53972e-18)
(-0.00796863 -0.206964 -7.67086e-19)
(0.0668708 -0.156031 3.90839e-20)
(0.164323 -0.0825663 2.34661e-19)
(0.281089 0.00593017 -2.37837e-19)
(0.412356 0.102009 2.83672e-19)
(0.542186 0.198864 9.17719e-19)
(0.703939 0.292376 1.1291e-19)
(-0.0429395 -0.11175 -3.14668e-19)
(-0.0754236 -0.216524 -2.86147e-19)
(-0.073045 -0.244673 -1.20591e-18)
(-0.0445592 -0.223893 6.31554e-19)
(0.0057342 -0.171772 -1.28283e-18)
(0.0751562 -0.0985511 2.79025e-19)
(0.161535 -0.010782 3.16868e-19)
(0.261776 0.0856107 -3.232e-19)
(0.368499 0.184422 -1.80769e-19)
(0.502561 0.275772 -5.85938e-19)
(-0.0409634 -0.120354 2.42402e-19)
(-0.0790533 -0.221427 -4.30745e-20)
(-0.094718 -0.242556 -2.48615e-21)
(-0.0893254 -0.218098 -5.8176e-19)
(-0.0643291 -0.165947 1.4099e-18)
(-0.0214686 -0.0951449 -2.0906e-19)
(0.0375119 -0.0110707 -5.35135e-19)
(0.110322 0.0812168 6.34544e-19)
(0.195422 0.174412 -1.94566e-19)
(0.298393 0.252649 7.77404e-19)
(-0.0375432 -0.116861 -4.35546e-20)
(-0.0837702 -0.204563 -2.13816e-19)
(-0.120627 -0.217009 -7.86652e-20)
(-0.139945 -0.190733 -9.47111e-20)
(-0.140341 -0.141791 -2.06896e-19)
(-0.122683 -0.0772337 -6.57726e-19)
(-0.0881831 -0.00134472 7.97065e-19)
(-0.038134 0.0808151 4.32535e-19)
(0.027588 0.160205 -9.9072e-20)
(0.103489 0.218779 -4.50625e-19)
(-0.0333124 -0.0984908 2.41268e-19)
(-0.0888286 -0.165386 3.89279e-20)
(-0.146714 -0.170557 2.29704e-19)
(-0.188988 -0.146495 -2.45966e-20)
(-0.211969 -0.105644 2.03168e-19)
(-0.215769 -0.0528963 2.20786e-19)
(-0.200785 0.00832596 3.0424e-19)
(-0.167649 0.0730203 -8.50933e-19)
(-0.11765 0.132073 -1.40779e-19)
(-0.0601378 0.170221 1.88288e-19)
(-0.0294251 -0.0658969 -1.17941e-19)
(-0.0930627 -0.107437 -1.37624e-19)
(-0.167751 -0.108501 -6.95346e-20)
(-0.227474 -0.0914668 3.04475e-19)
(-0.266975 -0.0641157 1.46595e-19)
(-0.285718 -0.0293372 2.67885e-20)
(-0.283336 0.0104922 -6.38265e-20)
(-0.260584 0.0515776 -3.89037e-20)
(-0.220875 0.0872781 3.36917e-19)
(-0.172398 0.107974 -1.72063e-19)
(-0.0270948 -0.0231667 5.87908e-20)
(-0.0954464 -0.0371996 6.10802e-20)
(-0.179399 -0.0371533 -5.03722e-20)
(-0.248418 -0.0309947 -4.48358e-20)
(-0.296438 -0.0213605 -4.49925e-20)
(-0.322524 -0.00921254 -6.81935e-20)
(-0.325908 0.0045827 4.04638e-21)
(-0.307741 0.018613 8.68208e-20)
(-0.272705 0.0304733 -7.7042e-20)
(-0.227055 0.0369442 1.00307e-19)
(0.313457 -0.0380233 1.14895e-21)
(0.738077 -0.0110092 -8.75191e-22)
(0.899236 -0.00448779 -1.06522e-22)
(0.958859 -0.00169536 7.47094e-23)
(0.982084 -0.000631543 1.27731e-23)
(0.991022 -0.0002682 -9.10712e-24)
(0.995198 -0.000127831 -1.24714e-23)
(0.99739 -6.41841e-05 3.97992e-24)
(0.998478 -3.80378e-05 -3.05483e-25)
(0.999282 -1.65601e-05 2.89119e-24)
(0.315962 -0.111091 6.1272e-21)
(0.740561 -0.0332784 1.16807e-21)
(0.899865 -0.013495 1.18874e-21)
(0.959067 -0.00508934 -1.17495e-21)
(0.982146 -0.00189841 -5.05187e-23)
(0.99104 -0.000805829 4.31632e-23)
(0.995205 -0.000385267 -4.86918e-23)
(0.997393 -0.000194381 -1.18829e-23)
(0.99848 -0.000112899 -2.42138e-23)
(0.999283 -4.85237e-05 -2.49943e-24)
(0.345233 -0.176598 -2.59159e-21)
(0.748084 -0.0557841 3.21553e-22)
(0.901519 -0.0224841 -1.15868e-21)
(0.959532 -0.00846794 1.00864e-21)
(0.982276 -0.00316361 -5.95692e-23)
(0.991079 -0.00134266 3.75875e-23)
(0.99522 -0.000642337 1.78429e-23)
(0.997401 -0.00032441 -4.12551e-24)
(0.998485 -0.000187617 1.67164e-23)
(0.999286 -8.04161e-05 -3.39316e-24)
(0.420091 -0.231908 -4.73998e-21)
(0.763285 -0.07755 -1.98341e-21)
(0.904635 -0.0312704 1.13732e-21)
(0.960315 -0.0118013 -8.97776e-22)
(0.982484 -0.00442326 8.43415e-22)
(0.991138 -0.00187784 -2.46766e-22)
(0.995242 -0.000898788 1.43311e-23)
(0.997412 -0.000454133 -1.91895e-23)
(0.998493 -0.000262082 1.96414e-23)
(0.99929 -0.000112185 1.44956e-24)
(0.535441 -0.275385 1.83386e-20)
(0.786874 -0.0970313 -4.42803e-21)
(0.909367 -0.039577 -1.28406e-21)
(0.961445 -0.0150471 1.90172e-21)
(0.982776 -0.00567082 -6.13282e-22)
(0.991222 -0.00240978 -1.89508e-22)
(0.995273 -0.0011542 -1.47317e-22)
(0.997428 -0.000583368 -3.18805e-23)
(0.998503 -0.000336185 -4.6583e-23)
(0.999295 -0.000143778 -6.34386e-24)
(0.670621 -0.305295 -1.72459e-20)
(0.817193 -0.112687 8.5476e-21)
(0.915526 -0.0470839 8.51112e-23)
(0.96292 -0.0181517 -2.13155e-21)
(0.983165 -0.00689735 4.16798e-22)
(0.991336 -0.00293655 2.42234e-22)
(0.995315 -0.00140793 1.56648e-22)
(0.997448 -0.000711863 3.76484e-23)
(0.998515 -0.000409754 1.98998e-23)
(0.999302 -0.000175121 9.25785e-24)
(0.805203 -0.321041 1.62961e-20)
(0.850934 -0.123676 -3.63253e-21)
(0.92268 -0.0535494 1.44358e-21)
(0.964718 -0.021073 1.02912e-21)
(0.983664 -0.00809635 -3.88183e-22)
(0.991487 -0.00345683 1.08512e-22)
(0.995369 -0.00165973 -1.48911e-22)
(0.997474 -0.000839552 -4.54609e-23)
(0.998531 -0.000482723 7.42944e-24)
(0.999309 -0.000206165 3.1931e-24)
(0.925921 -0.32986 1.00977e-20)
(0.884531 -0.132119 -1.35496e-22)
(0.930346 -0.0593477 -4.0468e-21)
(0.966818 -0.02386 2.52648e-21)
(0.984296 -0.00926762 -6.96831e-22)
(0.991687 -0.00396868 4.57904e-22)
(0.995441 -0.00190894 2.18929e-22)
(0.997506 -0.000966284 6.54093e-23)
(0.99855 -0.000555075 5.31276e-23)
(0.999319 -0.000236903 4.00203e-24)
(1.02561 -0.346855 -3.69374e-20)
(0.916075 -0.143663 -1.4061e-21)
(0.938314 -0.0655573 2.3798e-21)
(0.969237 -0.0265961 -2.97708e-21)
(0.985085 -0.0103849 8.33359e-22)
(0.991948 -0.00445847 -3.46846e-22)
(0.995535 -0.00214966 -2.45084e-22)
(0.997547 -0.00108949 -2.15977e-23)
(0.998573 -0.00062585 -2.67266e-23)
(0.999329 -0.000267126 -1.41133e-23)
(1.10112 -0.356412 -5.40959e-20)
(0.94635 -0.154667 -1.7908e-20)
(0.946826 -0.0708045 -2.00008e-21)
(0.972025 -0.0289181 9.2997e-22)
(0.986044 -0.0113934 1.05598e-21)
(0.992271 -0.00491646 1.9779e-22)
(0.99565 -0.00237556 -4.20724e-23)
(0.997596 -0.00120556 5.10208e-23)
(0.998599 -0.000693183 -1.10137e-23)
(0.999341 -0.00029625 1.2068e-24)
(1.2953 -0.222603 0)
(1.04802 -0.128427 0)
(0.978203 -0.0683055 0)
(0.982773 -0.0325269 0)
(0.989917 -0.014432 0)
(0.993607 -0.00647946 0)
(0.996129 -0.00314821 0)
(0.997798 -0.00160427 0)
(0.998705 -0.000922912 0)
(0.999386 -0.000395182 0)
(1.22154 -0.078504 0)
(1.04644 -0.0815945 0)
(0.989231 -0.0463709 0)
(0.990245 -0.0258796 0)
(0.994272 -0.0142175 0)
(0.995926 -0.00750452 0)
(0.997295 -0.00398901 0)
(0.998393 -0.00213522 0)
(0.999031 -0.00126279 0)
(0.999532 -0.000543997 0)
(1.16104 -0.0565772 0)
(1.05379 -0.0731271 0)
(1.0041 -0.0420542 0)
(0.998171 -0.0238014 0)
(0.998552 -0.0139993 0)
(0.998348 -0.00788452 0)
(0.998592 -0.00435869 0)
(0.999073 -0.002393 0)
(0.999412 -0.00144554 0)
(0.999704 -0.000629078 0)
(1.12274 -0.0235333 0)
(1.05484 -0.0499299 0)
(1.01332 -0.0328645 0)
(1.00365 -0.0198565 0)
(1.00174 -0.012579 0)
(1.00041 -0.00758901 0)
(0.999827 -0.00438889 0)
(0.999765 -0.00247458 0)
(0.999816 -0.00152503 0)
(0.999894 -0.000670857 0)
(1.09112 -0.00433481 0)
(1.05029 -0.0343003 0)
(1.01881 -0.0262799 0)
(1.00782 -0.0166292 0)
(1.00429 -0.010915 0)
(1.00215 -0.00689327 0)
(1.00095 -0.00413322 0)
(1.00042 -0.00238232 0)
(1.00021 -0.00149301 0)
(1.00008 -0.000662564 0)
(1.06881 0.00192269 0)
(1.04521 -0.0228529 0)
(1.02192 -0.0201597 0)
(1.0109 -0.0134152 0)
(1.00628 -0.00902299 0)
(1.00356 -0.00589671 0)
(1.0019 -0.00364626 0)
(1.00101 -0.00214238 0)
(1.00058 -0.00136182 0)
(1.00026 -0.000608906 0)
(1.05356 0.00477519 0)
(1.04031 -0.0143356 0)
(1.02335 -0.0146604 0)
(1.01304 -0.010297 0)
(1.00778 -0.00705182 0)
(1.00464 -0.00471887 0)
(1.00267 -0.0029895 0)
(1.0015 -0.00178438 0)
(1.00089 -0.0011473 0)
(1.00042 -0.000516108 0)
(1.04327 0.00478985 0)
(1.03631 -0.00851013 0)
(1.02386 -0.00988468 0)
(1.01445 -0.00727451 0)
(1.00886 -0.0050481 0)
(1.00544 -0.00343072 0)
(1.00325 -0.0022124 0)
(1.00188 -0.00133661 0)
(1.00114 -0.000866888 0)
(1.00055 -0.000391747 0)
(1.03702 0.00329481 0)
(1.03357 -0.00444507 0)
(1.02396 -0.00568158 0)
(1.01529 -0.00432791 0)
(1.00956 -0.00303097 0)
(1.00596 -0.00207923 0)
(1.00363 -0.00135649 0)
(1.00214 -0.000826247 0)
(1.00131 -0.000538986 0)
(1.00063 -0.000244307 0)
(1.03407 0.00116692 0)
(1.03217 -0.00136635 0)
(1.02393 -0.00184608 0)
(1.01568 -0.001434 0)
(1.00991 -0.00100981 0)
(1.00621 -0.000696036 0)
(1.00382 -0.000456739 0)
(1.00227 -0.000279354 0)
(1.0014 -0.000182749 0)
(1.00068 -8.29577e-05 0)
(1.32171 0.129889 2.79418e-21)
(1.32939 0.110264 1.06813e-20)
(1.33622 0.0915763 -1.90843e-20)
(1.33688 0.0649464 -4.90953e-21)
(1.33848 0.0427376 3.89781e-20)
(1.32876 0.0059624 5.61045e-20)
(1.32435 -0.0181075 -6.99269e-20)
(1.29995 -0.0703656 -8.95342e-21)
(1.29689 -0.0916279 -3.54571e-20)
(1.26831 -0.168715 -1.25611e-19)
(1.19017 0.116835 -3.30993e-22)
(1.19434 0.110504 7.49819e-21)
(1.19926 0.104884 -6.42479e-21)
(1.2045 0.0952765 1.38275e-20)
(1.21252 0.0885228 -1.99162e-20)
(1.22264 0.0752193 -1.58478e-21)
(1.23688 0.0682751 2.43438e-20)
(1.25384 0.0503467 -3.32537e-20)
(1.26864 0.0430072 -2.68995e-20)
(1.28224 0.0185819 1.01536e-21)
(1.12685 0.0900377 -1.27392e-21)
(1.13286 0.0896613 2.37089e-21)
(1.13934 0.0890405 -3.47051e-21)
(1.14656 0.0865022 -1.47402e-20)
(1.15311 0.0839028 2.41113e-20)
(1.15963 0.0783587 1.79206e-21)
(1.16246 0.0730926 -1.64799e-20)
(1.16571 0.0639074 3.03382e-20)
(1.1634 0.0554507 1.13724e-20)
(1.17103 0.0435983 6.48991e-21)
(1.08317 0.0668449 -1.71179e-22)
(1.08646 0.0670393 -7.19355e-22)
(1.08933 0.0663923 -6.04139e-22)
(1.09209 0.0645981 5.83045e-21)
(1.09403 0.061953 -6.50896e-21)
(1.09645 0.0583603 2.59095e-21)
(1.09809 0.054207 -1.65117e-21)
(1.10234 0.0500144 -1.38359e-21)
(1.10529 0.0450137 1.55725e-20)
(1.11336 0.0416287 -2.65649e-21)
(1.05546 0.0499295 -1.79983e-23)
(1.0581 0.0508237 2.2591e-22)
(1.06079 0.0511404 3.31433e-22)
(1.06382 0.0509371 6.42518e-22)
(1.0669 0.0501507 2.71368e-21)
(1.07063 0.0491047 -2.42984e-21)
(1.07399 0.0473446 -1.24131e-21)
(1.07825 0.0458472 3.80957e-21)
(1.08087 0.0427873 -3.81093e-21)
(1.08536 0.0414351 -6.33032e-23)
(1.03952 0.0372929 1.49053e-22)
(1.04184 0.0383332 -2.22596e-23)
(1.0442 0.0389077 -2.27469e-23)
(1.04667 0.0390508 2.68234e-22)
(1.049 0.0386499 -1.15719e-21)
(1.05144 0.0379344 6.5586e-22)
(1.05343 0.0365643 -4.28645e-22)
(1.05578 0.0352816 -1.56593e-21)
(1.05733 0.0329446 7.73066e-22)
(1.06027 0.0318164 1.47833e-21)
(1.0289 0.0266083 1.42127e-22)
(1.03069 0.0274174 -7.09224e-22)
(1.0325 0.0278761 4.18587e-22)
(1.03435 0.028018 4.31153e-23)
(1.03614 0.0277795 1.04657e-22)
(1.038 0.0273418 2.1346e-22)
(1.03969 0.0264938 7.64422e-22)
(1.04162 0.0257556 -3.62458e-23)
(1.04315 0.0243304 1.21396e-21)
(1.04533 0.0237597 9.98568e-22)
(1.02223 0.0178034 6.9084e-23)
(1.02374 0.0184044 1.33202e-23)
(1.02528 0.0187807 -2.50133e-22)
(1.02686 0.0189545 3.32373e-22)
(1.02841 0.0188867 1.40599e-22)
(1.02999 0.018686 -3.97571e-22)
(1.03146 0.0182164 2.7396e-22)
(1.03301 0.0177939 4.00878e-23)
(1.0343 0.0169164 6.98455e-23)
(1.03587 0.016559 -9.39218e-23)
(1.01836 0.0102394 -1.17699e-22)
(1.01969 0.0106063 8.06066e-22)
(1.02104 0.0108455 -4.42813e-22)
(1.02242 0.0109668 -8.12417e-22)
(1.02377 0.010949 7.87361e-22)
(1.02513 0.0108483 -2.1729e-22)
(1.02641 0.0105938 -1.52658e-22)
(1.0277 0.0103547 9.70781e-23)
(1.02885 0.00986598 -2.62554e-23)
(1.0301 0.00965321 -5.84419e-24)
(1.01657 0.00332408 3.51129e-22)
(1.0178 0.00344802 -5.76191e-22)
(1.01905 0.00353155 9.44291e-23)
(1.02032 0.00357716 -7.57186e-22)
(1.02157 0.00357823 3.4303e-22)
(1.02283 0.00355169 5.73508e-23)
(1.02402 0.00347559 5.29612e-22)
(1.02521 0.00340263 -1.00936e-22)
(1.0263 0.00324856 -2.73405e-23)
(1.02741 0.0031808 -2.89857e-25)
(1.12011 0.266025 -5.49083e-20)
(1.1518 0.253825 -9.29655e-21)
(1.17519 0.240834 -2.57335e-21)
(1.19477 0.227693 2.22864e-21)
(1.21582 0.214429 -1.42308e-20)
(1.23828 0.200882 -5.96521e-21)
(1.26011 0.187623 3.94918e-21)
(1.27939 0.173946 -5.86287e-21)
(1.2963 0.160517 1.61857e-20)
(1.30995 0.1452 5.09513e-22)
(1.09492 0.157028 2.13517e-21)
(1.10785 0.150627 -1.85192e-20)
(1.12305 0.144592 -1.12676e-20)
(1.13544 0.139717 6.80182e-21)
(1.14536 0.136021 -2.42694e-21)
(1.15468 0.132929 1.57917e-21)
(1.16394 0.130249 -2.94206e-21)
(1.17233 0.127399 3.30606e-21)
(1.17951 0.12464 -2.12397e-21)
(1.18518 0.120765 -1.94187e-21)
(1.06638 0.0929093 -1.85011e-21)
(1.0733 0.0903521 7.21426e-21)
(1.08234 0.0881864 6.63476e-21)
(1.09026 0.0865802 3.97363e-21)
(1.09623 0.085807 2.39478e-22)
(1.10117 0.0858231 -1.10105e-21)
(1.10603 0.086472 1.76207e-21)
(1.11107 0.0873979 -2.02963e-21)
(1.11619 0.0885336 9.47648e-22)
(1.1214 0.0893478 3.76141e-22)
(1.04588 0.0592703 5.17275e-22)
(1.0505 0.0583245 1.38014e-20)
(1.05587 0.0577087 4.07118e-21)
(1.06044 0.0575101 -6.69776e-21)
(1.06395 0.0579057 1.56572e-21)
(1.06691 0.0589461 -1.16205e-21)
(1.06986 0.0605206 -9.157e-22)
(1.07303 0.062368 -2.95006e-22)
(1.07638 0.0642397 4.49624e-22)
(1.07982 0.0657926 -3.84595e-22)
(1.03104 0.039269 -1.52778e-22)
(1.03373 0.0388154 -6.38245e-21)
(1.0369 0.0386583 4.3611e-21)
(1.03968 0.0389168 2.08431e-21)
(1.04194 0.0396999 -2.50787e-21)
(1.04394 0.0410182 2.01254e-21)
(1.04596 0.0427656 -1.081e-21)
(1.04815 0.0447485 6.13424e-22)
(1.05048 0.0467433 -4.74001e-22)
(1.05295 0.0485296 -6.5937e-23)
(1.02087 0.0257793 1.80985e-21)
(1.02256 0.0256647 -9.09313e-22)
(1.02461 0.0258439 -6.58292e-21)
(1.02656 0.0263927 1.03834e-21)
(1.02827 0.0273641 -5.93676e-22)
(1.02987 0.0287423 8.61053e-22)
(1.03151 0.030435 -2.54889e-21)
(1.0333 0.0322984 -5.52125e-22)
(1.03524 0.0341641 -1.73417e-22)
(1.03733 0.0358761 2.43207e-22)
(1.01456 0.0167668 4.25418e-21)
(1.01575 0.0168542 1.18112e-21)
(1.01717 0.0171799 3.88164e-21)
(1.01857 0.0177829 1.45156e-21)
(1.01988 0.0186838 1.86588e-21)
(1.02117 0.0198597 -3.71172e-22)
(1.02251 0.0212396 -1.2762e-22)
(1.02395 0.0227199 4.52657e-22)
(1.0255 0.0241804 -9.45035e-22)
(1.02716 0.0255105 4.76541e-22)
(1.01074 0.0104998 -4.13611e-22)
(1.01162 0.010634 -8.46078e-22)
(1.01265 0.0109384 3.08922e-21)
(1.01369 0.0114331 2.07995e-21)
(1.01473 0.0121245 -4.01367e-21)
(1.01578 0.0129918 2.76284e-22)
(1.01689 0.0139858 1.06504e-21)
(1.0181 0.0150382 1.1668e-22)
(1.01939 0.0160711 2.0729e-22)
(1.02077 0.0170142 1.30559e-23)
(1.00855 0.00576578 -3.09673e-22)
(1.00928 0.00587035 -1.88503e-22)
(1.01009 0.00607832 -9.01195e-22)
(1.01092 0.0063986 -2.73376e-22)
(1.01179 0.00683117 -4.50125e-22)
(1.0127 0.00736144 2.89609e-21)
(1.01367 0.00796012 -1.62854e-21)
(1.01473 0.00858839 -8.45772e-22)
(1.01587 0.00920303 9.44201e-22)
(1.01708 0.00976511 -1.87898e-22)
(1.00756 0.00183709 3.40932e-22)
(1.00823 0.00187454 1.36e-22)
(1.00894 0.0019463 -9.20075e-23)
(1.00969 0.00205486 2.2341e-21)
(1.01047 0.0021996 -3.50416e-22)
(1.01131 0.00237536 8.46304e-22)
(1.01222 0.00257257 -1.93664e-21)
(1.01321 0.0027789 2.4301e-22)
(1.01426 0.00298085 -7.8261e-22)
(1.01539 0.00316624 4.46216e-22)
(1.00018 0.00820483 0)
(0.999482 0.0296432 0)
(0.999979 0.0460957 0)
(0.99881 0.0716122 0)
(1.00155 0.0871315 0)
(1.00275 0.123335 0)
(1.01108 0.138368 0)
(1.02076 0.190971 0)
(1.04564 0.197976 0)
(1.08035 0.27453 0)
(0.999962 0.00779457 0)
(1.00144 0.0261123 0)
(1.00411 0.0412215 0)
(1.00883 0.0603713 0)
(1.01466 0.0742957 0)
(1.02422 0.0972933 0)
(1.034 0.110736 0)
(1.05046 0.135801 0)
(1.0633 0.142089 0)
(1.08614 0.162326 0)
(0.99991 0.00622526 0)
(1.00176 0.0199027 0)
(1.00439 0.0315039 0)
(1.00942 0.0444897 0)
(1.01416 0.0538918 0)
(1.02225 0.0675743 0)
(1.02809 0.0751061 0)
(1.03953 0.0878874 0)
(1.04561 0.0879291 0)
(1.06189 0.0969373 0)
(0.999929 0.00440123 0)
(1.00122 0.0137441 0)
(1.00289 0.0217434 0)
(1.0062 0.030052 0)
(1.0092 0.0360843 0)
(1.01447 0.0443825 0)
(1.01831 0.0492737 0)
(1.0261 0.0566401 0)
(1.03073 0.0566915 0)
(1.04214 0.0611312 0)
(0.999956 0.0029821 0)
(1.00075 0.00921958 0)
(1.00179 0.0146304 0)
(1.00393 0.0200863 0)
(1.00604 0.0241917 0)
(1.00967 0.0296919 0)
(1.0127 0.0332664 0)
(1.0181 0.03798 0)
(1.02165 0.0381271 0)
(1.02876 0.0402889 0)
(0.999978 0.00202017 0)
(1.00051 0.00620723 0)
(1.00128 0.00988949 0)
(1.00277 0.0135188 0)
(1.00435 0.0163307 0)
(1.00683 0.0199728 0)
(1.00907 0.0224592 0)
(1.01259 0.0253745 0)
(1.0151 0.025365 0)
(1.01938 0.0263102 0)
(0.999992 0.00134701 0)
(1.00037 0.0041158 0)
(1.00096 0.0065655 0)
(1.00199 0.0089172 0)
(1.00314 0.0107676 0)
(1.00481 0.0131009 0)
(1.00644 0.0147647 0)
(1.00877 0.0165478 0)
(1.01063 0.0165299 0)
(1.01337 0.0169458 0)
(1 0.000850201 0)
(1.00027 0.00258715 0)
(1.00072 0.00412912 0)
(1.00146 0.00557998 0)
(1.00232 0.00673903 0)
(1.00351 0.00817989 0)
(1.00476 0.00925515 0)
(1.0064 0.0103345 0)
(1.00788 0.0103427 0)
(1.00972 0.0105248 0)
(1 0.000467747 0)
(1.00021 0.00142013 0)
(1.00058 0.00226883 0)
(1.00115 0.00305788 0)
(1.00185 0.00369679 0)
(1.00276 0.00448323 0)
(1.00379 0.00508906 0)
(1.00504 0.00566913 0)
(1.00628 0.00567991 0)
(1.00763 0.00574916 0)
(1.00001 0.000149194 0)
(1.00018 0.000452588 0)
(1.00051 0.000723527 0)
(1.00101 0.000974066 0)
(1.00164 0.00117808 0)
(1.00242 0.0014281 0)
(1.00334 0.00162326 0)
(1.00441 0.00180613 0)
(1.00555 0.00180988 0)
(1.00668 0.00182771 0)
(0.999865 0.000645381 8.23548e-21)
(0.996259 0.00200862 -3.58245e-21)
(0.989375 0.00333498 9.17073e-21)
(0.978792 0.00496819 -6.01624e-21)
(0.964577 0.00663347 -6.53903e-21)
(0.945912 0.00893887 2.53601e-20)
(0.922503 0.0111995 -4.87885e-21)
(0.892996 0.0148289 3.49726e-20)
(0.856114 0.0179173 2.05367e-20)
(0.810517 0.0241332 -2.07049e-20)
(0.999852 0.00191832 9.94231e-21)
(0.996226 0.00597678 1.89046e-20)
(0.989424 0.00992313 2.85553e-20)
(0.978983 0.014786 -3.95287e-20)
(0.965058 0.019731 5.24773e-21)
(0.946707 0.0265925 1.55327e-20)
(0.923824 0.0333172 -2.65852e-20)
(0.894802 0.0441392 4.52981e-20)
(0.858784 0.0533564 -1.21239e-19)
(0.814038 0.0718754 1.69615e-19)
(0.999829 0.00314119 -3.49964e-20)
(0.996172 0.00980702 1.31905e-20)
(0.989536 0.0162819 -6.08443e-22)
(0.979374 0.0242712 -6.60215e-20)
(0.966027 0.032352 1.65465e-20)
(0.948296 0.0436188 -3.83342e-20)
(0.926455 0.0546474 5.1297e-20)
(0.898403 0.0724863 -1.35025e-19)
(0.864104 0.0876975 2.30114e-19)
(0.821131 0.11821 -1.81134e-19)
(0.999805 0.00428482 2.2444e-20)
(0.996118 0.0134195 -7.32379e-21)
(0.989736 0.0222788 4.59166e-20)
(0.979985 0.0332293 -8.38438e-20)
(0.967495 0.0442189 5.2749e-20)
(0.950678 0.059661 -1.05718e-19)
(0.930383 0.0747422 -1.67404e-20)
(0.903791 0.0993298 3.33958e-19)
(0.872095 0.120295 -9.36201e-20)
(0.831884 0.162382 -2.31875e-19)
(0.999788 0.0053265 -9.13957e-20)
(0.996091 0.0167518 6.9423e-20)
(0.990054 0.0278093 -3.40404e-20)
(0.980834 0.0414988 -1.48156e-19)
(0.96947 0.0550986 1.41619e-19)
(0.953841 0.0744176 -1.83836e-19)
(0.935585 0.0932195 2.38775e-19)
(0.910944 0.124193 6.72775e-20)
(0.882794 0.15052 1.65077e-19)
(0.846408 0.203623 1.71692e-20)
(0.999787 0.00625186 7.2105e-20)
(0.996115 0.0197678 -1.68856e-20)
(0.990508 0.032807 9.60596e-20)
(0.981931 0.048962 -1.07118e-19)
(0.971943 0.0648155 1.02871e-19)
(0.957752 0.0876353 -2.89034e-20)
(0.942015 0.109726 5.98979e-20)
(0.91981 0.146633 -1.85012e-19)
(0.896227 0.1777 -3.16181e-19)
(0.86475 0.24129 1.91872e-19)
(0.999809 0.00705372 -3.50183e-20)
(0.996209 0.022463 -2.85164e-20)
(0.991103 0.037264 1.38657e-20)
(0.983265 0.0555814 -9.47036e-20)
(0.974854 0.0733023 3.32717e-19)
(0.962326 0.099148 -2.71902e-19)
(0.949584 0.123956 1.37021e-19)
(0.93031 0.166038 -2.31641e-19)
(0.912412 0.201286 -6.43887e-20)
(0.886929 0.273954 4.91559e-19)
(0.999859 0.00772446 4.207e-20)
(0.996395 0.02485 -4.74863e-21)
(0.991839 0.0412441 -4.20256e-20)
(0.984816 0.0614749 5.1373e-20)
(0.978096 0.08073 1.4555e-19)
(0.967421 0.109102 -3.18299e-19)
(0.958043 0.135884 2.56366e-19)
(0.942395 0.181847 -5.75497e-19)
(0.931185 0.219908 4.71225e-19)
(0.913186 0.302099 -1.24155e-19)
(0.999942 0.00824935 -4.62467e-20)
(0.996726 0.0268914 5.32789e-20)
(0.992783 0.0447818 -9.53243e-20)
(0.986629 0.0668146 -5.73786e-20)
(0.981609 0.0874663 1.33251e-21)
(0.972928 0.117959 8.18046e-20)
(0.96697 0.14614 -4.14745e-19)
(0.955721 0.194019 4.60074e-19)
(0.952633 0.231755 -4.05162e-19)
(0.942755 0.320133 1.8083e-19)
(1.00005 0.0085939 -2.69833e-20)
(0.997269 0.0283431 2.38603e-21)
(0.994102 0.0472223 -9.07969e-21)
(0.988903 0.070699 -6.78117e-20)
(0.985563 0.0921741 -5.13069e-20)
(0.978977 0.124069 3.01946e-19)
(0.976257 0.152864 2.42756e-19)
(0.969817 0.199717 -1.10251e-19)
(0.974894 0.237051 -2.45645e-20)
(0.985227 0.301224 -5.24193e-19)
(1.00005 -0.00859326 -2.69547e-20)
(0.997269 -0.0283415 1.76506e-20)
(0.994102 -0.0472199 -7.28341e-21)
(0.988903 -0.0706958 1.11778e-19)
(0.985562 -0.0921699 6.27585e-20)
(0.978975 -0.124063 -2.54757e-19)
(0.976254 -0.152858 -2.11056e-19)
(0.969814 -0.199711 1.42746e-19)
(0.974888 -0.237045 1.53751e-20)
(0.98522 -0.301219 5.37986e-19)
(0.999942 -0.00824873 2.00901e-20)
(0.996726 -0.0268897 -1.11591e-19)
(0.992783 -0.0447793 6.65396e-20)
(0.986628 -0.0668112 -3.88836e-20)
(0.981608 -0.087462 -6.13743e-20)
(0.972927 -0.117953 -3.33406e-20)
(0.966968 -0.146134 3.49223e-19)
(0.955718 -0.194013 -3.89204e-19)
(0.952628 -0.231748 4.56312e-19)
(0.942749 -0.320126 -2.5281e-19)
(0.999859 -0.00772382 -1.17793e-20)
(0.996395 -0.0248482 4.3631e-20)
(0.991839 -0.0412414 7.30293e-20)
(0.984816 -0.0614713 -1.44787e-20)
(0.978095 -0.0807254 -1.99225e-19)
(0.96742 -0.109096 2.40004e-19)
(0.958041 -0.135877 -2.35573e-19)
(0.942392 -0.18184 5.33677e-19)
(0.931181 -0.2199 -5.25153e-19)
(0.913181 -0.302091 1.6694e-19)
(0.999809 -0.00705308 -3.12768e-21)
(0.996209 -0.0224613 5.79733e-20)
(0.991103 -0.0372611 -5.32125e-20)
(0.983265 -0.0555776 2.03735e-19)
(0.974853 -0.0732975 -2.55604e-20)
(0.962325 -0.099142 -2.84008e-20)
(0.949582 -0.123949 -1.42162e-19)
(0.930308 -0.16603 1.03532e-19)
(0.912408 -0.201278 5.2651e-20)
(0.886924 -0.273945 -5.11399e-19)
(0.999787 -0.00625122 6.36222e-20)
(0.996115 -0.019766 -1.93586e-20)
(0.990508 -0.0328041 5.40981e-20)
(0.981931 -0.048958 8.98002e-20)
(0.971942 -0.0648105 -1.26227e-19)
(0.957751 -0.0876291 -1.96849e-20)
(0.942013 -0.109719 1.74506e-20)
(0.919808 -0.146624 1.48765e-19)
(0.896224 -0.17769 2.71995e-19)
(0.864746 -0.24128 -1.59276e-19)
(0.999788 -0.00532586 -4.60969e-20)
(0.996091 -0.01675 -2.38331e-21)
(0.990054 -0.0278062 -1.17403e-19)
(0.980834 -0.0414946 1.83689e-19)
(0.96947 -0.0550934 -1.59588e-19)
(0.95384 -0.0744111 3.09826e-19)
(0.935584 -0.0932117 -3.62009e-19)
(0.910942 -0.124184 1.69817e-19)
(0.882792 -0.15051 -2.22117e-20)
(0.846405 -0.203612 2.1593e-20)
(0.999805 -0.00428417 4.5541e-20)
(0.996118 -0.0134176 -2.95489e-20)
(0.989737 -0.0222757 3.15981e-20)
(0.979985 -0.033225 -4.25919e-20)
(0.967494 -0.0442134 1.06122e-20)
(0.950677 -0.0596544 7.85535e-20)
(0.930382 -0.0747342 7.39347e-20)
(0.90379 -0.0993204 -4.63906e-19)
(0.872093 -0.120285 4.52934e-21)
(0.831882 -0.162371 2.2479e-19)
(0.999829 -0.00314052 -1.95497e-20)
(0.996172 -0.00980517 3.3305e-21)
(0.989536 -0.0162787 -4.30478e-20)
(0.979374 -0.0242668 4.97511e-20)
(0.966027 -0.0323464 -1.94701e-20)
(0.948296 -0.043612 2.09303e-20)
(0.926454 -0.0546392 -2.34148e-20)
(0.898403 -0.0724768 1.22365e-19)
(0.864102 -0.0876869 -2.45117e-19)
(0.821129 -0.118199 1.52743e-19)
(0.999852 -0.00191766 1.39053e-20)
(0.996226 -0.00597493 -6.54706e-21)
(0.989424 -0.00991999 -5.24684e-21)
(0.978983 -0.0147816 5.94371e-20)
(0.965058 -0.0197253 -1.0143e-20)
(0.946707 -0.0265856 -7.33955e-21)
(0.923824 -0.0333089 -1.3525e-20)
(0.894802 -0.0441295 -2.69675e-20)
(0.858783 -0.0533455 1.28544e-19)
(0.814037 -0.0718637 -1.8164e-19)
(0.999865 -0.000644692 7.89984e-21)
(0.996259 -0.00200676 -1.80074e-21)
(0.989375 -0.00333184 -9.48448e-21)
(0.978792 -0.00496373 1.39933e-20)
(0.964577 -0.00662773 1.06354e-20)
(0.945911 -0.00893193 -3.85984e-21)
(0.922503 -0.0111911 2.43565e-20)
(0.892996 -0.0148191 -4.48802e-20)
(0.856113 -0.0179063 1.27667e-21)
(0.810516 -0.0241215 3.14403e-20)
(1.00001 -0.000149199 0)
(1.00018 -0.000452569 0)
(1.00051 -0.000723529 0)
(1.00101 -0.000974084 0)
(1.00164 -0.00117797 0)
(1.00242 -0.00142789 0)
(1.00334 -0.00162319 0)
(1.00441 -0.00180651 0)
(1.00555 -0.00181068 0)
(1.00668 -0.00182863 0)
(1 -0.000467775 0)
(1.00021 -0.00142018 0)
(1.00058 -0.00226892 0)
(1.00115 -0.00305806 0)
(1.00185 -0.00369701 0)
(1.00276 -0.0044835 0)
(1.00379 -0.00508945 0)
(1.00504 -0.00566963 0)
(1.00628 -0.00568043 0)
(1.00763 -0.00574964 0)
(1 -0.000850231 0)
(1.00027 -0.00258725 0)
(1.00072 -0.00412928 0)
(1.00146 -0.00558028 0)
(1.00232 -0.00673941 0)
(1.00351 -0.0081804 0)
(1.00476 -0.00925585 0)
(1.0064 -0.0103354 0)
(1.00788 -0.0103435 0)
(1.00972 -0.0105253 0)
(0.999992 -0.00134702 0)
(1.00037 -0.00411586 0)
(1.00096 -0.00656565 0)
(1.00199 -0.00891748 0)
(1.00314 -0.0107679 0)
(1.00481 -0.0131012 0)
(1.00644 -0.0147653 0)
(1.00877 -0.0165488 0)
(1.01063 -0.0165313 0)
(1.01337 -0.0169472 0)
(0.999978 -0.00202013 0)
(1.00051 -0.00620725 0)
(1.00128 -0.00988961 0)
(1.00277 -0.013519 0)
(1.00435 -0.0163311 0)
(1.00683 -0.0199734 0)
(1.00907 -0.02246 0)
(1.01259 -0.0253755 0)
(1.0151 -0.025366 0)
(1.01938 -0.0263112 0)
(0.999956 -0.00298198 0)
(1.00075 -0.0092195 0)
(1.00179 -0.0146304 0)
(1.00393 -0.0200864 0)
(1.00604 -0.0241919 0)
(1.00967 -0.0296922 0)
(1.0127 -0.0332671 0)
(1.0181 -0.0379809 0)
(1.02165 -0.0381282 0)
(1.02876 -0.0402901 0)
(0.999929 -0.00440102 0)
(1.00122 -0.0137439 0)
(1.00289 -0.0217433 0)
(1.0062 -0.0300519 0)
(1.0092 -0.0360844 0)
(1.01446 -0.0443827 0)
(1.01831 -0.0492741 0)
(1.0261 -0.0566404 0)
(1.03073 -0.0566918 0)
(1.04214 -0.0611319 0)
(0.99991 -0.00622495 0)
(1.00176 -0.0199022 0)
(1.00439 -0.0315034 0)
(1.00942 -0.0444891 0)
(1.01416 -0.0538912 0)
(1.02225 -0.0675737 0)
(1.02809 -0.0751059 0)
(1.03953 -0.0878873 0)
(1.04561 -0.0879296 0)
(1.06188 -0.0969383 0)
(0.999962 -0.00779412 0)
(1.00144 -0.0261114 0)
(1.00411 -0.0412203 0)
(1.00883 -0.0603696 0)
(1.01466 -0.0742937 0)
(1.02422 -0.0972908 0)
(1.034 -0.110734 0)
(1.05046 -0.135799 0)
(1.06329 -0.142088 0)
(1.08613 -0.162325 0)
(1.00018 -0.00820421 0)
(0.999482 -0.0296418 0)
(0.999978 -0.0460936 0)
(0.99881 -0.0716094 0)
(1.00155 -0.0871279 0)
(1.00275 -0.12333 0)
(1.01108 -0.138362 0)
(1.02075 -0.190966 0)
(1.04564 -0.197972 0)
(1.08034 -0.274525 0)
(1.00757 -0.00183792 2.53896e-22)
(1.00823 -0.0018752 3.99769e-22)
(1.00894 -0.00194675 6.67135e-22)
(1.00969 -0.0020551 2.21482e-22)
(1.01047 -0.00219968 -2.07974e-21)
(1.01132 -0.00237536 -4.87393e-22)
(1.01222 -0.00257258 1.90185e-21)
(1.01321 -0.00277902 -1.02125e-22)
(1.01426 -0.00298116 7.81474e-22)
(1.01539 -0.0031668 -4.36156e-22)
(1.00855 -0.00576625 -6.30881e-22)
(1.00928 -0.00587078 2.3439e-21)
(1.01009 -0.00607874 -2.33926e-21)
(1.01092 -0.00639904 -2.29205e-22)
(1.01179 -0.00683163 4.16131e-22)
(1.0127 -0.00736193 -2.29519e-21)
(1.01367 -0.00796064 2.19468e-21)
(1.01473 -0.00858897 6.74496e-22)
(1.01587 -0.00920371 -1.25351e-21)
(1.01708 -0.00976587 1.52125e-22)
(1.01074 -0.0105002 -5.17935e-22)
(1.01162 -0.0106343 -5.40133e-22)
(1.01265 -0.0109387 1.56554e-21)
(1.01369 -0.0114335 2.24027e-21)
(1.01473 -0.0121249 3.07974e-22)
(1.01578 -0.0129924 -1.10047e-21)
(1.01689 -0.0139865 -1.05344e-21)
(1.0181 -0.015039 6.11507e-22)
(1.01939 -0.0160721 1.48911e-22)
(1.02077 -0.0170153 -8.9354e-23)
(1.01456 -0.0167681 3.67167e-21)
(1.01575 -0.0168553 4.56436e-21)
(1.01717 -0.0171809 -2.23999e-21)
(1.01857 -0.0177838 3.21798e-21)
(1.01988 -0.0186847 6.96515e-22)
(1.02117 -0.0198606 2.69046e-21)
(1.02251 -0.0212406 -1.43432e-22)
(1.02395 -0.0227211 -1.38942e-21)
(1.0255 -0.0241819 1.26662e-21)
(1.02717 -0.0255124 -2.45927e-22)
(1.02087 -0.0257804 1.66622e-21)
(1.02256 -0.0256658 -4.40647e-23)
(1.02461 -0.025845 -3.36743e-21)
(1.02655 -0.026394 -3.00072e-21)
(1.02827 -0.0273657 1.05079e-21)
(1.02987 -0.028744 -4.88925e-21)
(1.03151 -0.0304369 1.34758e-21)
(1.0333 -0.0323004 2.23061e-22)
(1.03524 -0.0341663 -5.65691e-23)
(1.03733 -0.0358784 -3.17906e-22)
(1.03104 -0.0392701 -1.00663e-21)
(1.03373 -0.0388165 -6.47505e-21)
(1.03689 -0.0386595 6.25464e-21)
(1.03968 -0.0389182 -2.48604e-21)
(1.04194 -0.0397016 -3.35557e-21)
(1.04394 -0.04102 3.13148e-21)
(1.04596 -0.0427677 1.51127e-21)
(1.04815 -0.0447509 2.76938e-22)
(1.05048 -0.0467461 3.45911e-22)
(1.05295 -0.0485326 4.67306e-23)
(1.04588 -0.0592712 -5.29276e-21)
(1.0505 -0.0583254 1.8358e-20)
(1.05586 -0.05771 -3.34699e-21)
(1.06044 -0.0575121 1.36534e-22)
(1.06395 -0.057908 2.44644e-21)
(1.06691 -0.0589488 -3.43202e-21)
(1.06986 -0.0605237 1.8564e-21)
(1.07303 -0.0623714 -4.26264e-22)
(1.07638 -0.0642433 1.03807e-22)
(1.07982 -0.0657962 -2.60376e-23)
(1.06638 -0.0929106 4.96907e-21)
(1.0733 -0.0903533 2.9747e-22)
(1.08234 -0.0881879 1.33565e-20)
(1.09026 -0.0865823 -5.59816e-21)
(1.09623 -0.0858094 8.68286e-22)
(1.10117 -0.085826 2.34696e-21)
(1.10603 -0.0864753 6.98955e-22)
(1.11106 -0.0874016 -4.87694e-22)
(1.11618 -0.0885377 -7.32197e-22)
(1.1214 -0.0893521 9.37651e-22)
(1.09492 -0.157028 1.30377e-21)
(1.10785 -0.150627 -1.66555e-20)
(1.12304 -0.144592 -1.48266e-20)
(1.13544 -0.139718 5.77297e-21)
(1.14536 -0.136023 1.14275e-21)
(1.15468 -0.132931 1.41336e-21)
(1.16394 -0.130252 -3.62191e-21)
(1.17233 -0.127402 5.12021e-21)
(1.17951 -0.124645 -5.42326e-21)
(1.18518 -0.12077 1.85949e-22)
(1.1201 -0.26602 4.29881e-20)
(1.15179 -0.253821 1.06084e-20)
(1.17518 -0.240831 3.3988e-21)
(1.19476 -0.227691 -9.78128e-21)
(1.21581 -0.214428 1.39172e-20)
(1.23827 -0.200881 2.77372e-21)
(1.2601 -0.187624 -2.83641e-22)
(1.27938 -0.173948 3.74135e-22)
(1.29629 -0.160521 6.82919e-21)
(1.30994 -0.145206 3.02779e-22)
(1.01657 -0.00332494 -3.61242e-22)
(1.0178 -0.00344923 5.78735e-22)
(1.01905 -0.00353307 -1.73823e-22)
(1.02032 -0.00357894 7.75242e-22)
(1.02158 -0.00358025 -4.64339e-22)
(1.02283 -0.00355385 -5.74813e-22)
(1.02402 -0.00347782 1.18884e-22)
(1.02522 -0.003405 3.72234e-23)
(1.0263 -0.00325089 -3.08118e-24)
(1.02742 -0.00318352 -5.195e-24)
(1.01836 -0.0102403 1.49572e-22)
(1.01969 -0.0106075 -6.02425e-22)
(1.02104 -0.0108468 5.38369e-22)
(1.02242 -0.0109683 6.0355e-22)
(1.02377 -0.0109506 -9.20499e-22)
(1.02513 -0.01085 7.94236e-23)
(1.02641 -0.0105955 -9.14067e-23)
(1.02771 -0.0103566 5.99861e-23)
(1.02885 -0.00986786 1.05459e-22)
(1.0301 -0.00965555 -8.16416e-24)
(1.02223 -0.0178047 -6.60673e-24)
(1.02374 -0.0184061 1.86298e-24)
(1.02528 -0.0187826 -3.38722e-23)
(1.02686 -0.0189565 -2.70283e-22)
(1.02841 -0.0188889 9.1176e-23)
(1.02999 -0.0186883 2.22355e-22)
(1.03146 -0.0182188 2.00122e-22)
(1.03301 -0.0177964 2.49047e-23)
(1.0343 -0.0169188 5.35982e-23)
(1.03587 -0.0165617 -8.5413e-23)
(1.0289 -0.0266106 -3.22928e-22)
(1.0307 -0.0274203 3.521e-22)
(1.0325 -0.0278795 -2.59573e-22)
(1.03436 -0.0280217 8.5729e-23)
(1.03614 -0.0277836 1.6925e-22)
(1.03801 -0.0273461 8.97978e-23)
(1.0397 -0.0264982 4.66277e-22)
(1.04163 -0.0257602 8.19051e-22)
(1.04315 -0.0243348 6.33597e-22)
(1.04533 -0.0237646 1.10741e-21)
(1.03952 -0.0372953 -7.99401e-23)
(1.04184 -0.038336 1.64973e-22)
(1.0442 -0.0389107 -1.03422e-23)
(1.04667 -0.0390537 -6.09329e-22)
(1.049 -0.038653 1.97999e-22)
(1.05144 -0.0379376 1.67297e-22)
(1.05343 -0.0365676 1.02295e-21)
(1.05578 -0.0352851 -2.71675e-21)
(1.05733 -0.0329481 4.53328e-22)
(1.06027 -0.0318203 1.52817e-21)
(1.05546 -0.0499329 -4.74705e-23)
(1.0581 -0.0508277 -2.01636e-22)
(1.06079 -0.0511447 4.46548e-22)
(1.06382 -0.0509414 -9.93967e-22)
(1.0669 -0.0501553 1.86745e-21)
(1.07063 -0.0491094 -1.95121e-21)
(1.07399 -0.0473493 1.86e-21)
(1.07825 -0.0458519 2.5347e-21)
(1.08087 -0.0427921 -3.73382e-21)
(1.08536 -0.04144 4.42687e-22)
(1.08317 -0.0668486 7.67873e-22)
(1.08646 -0.0670436 -8.1348e-22)
(1.08934 -0.0663966 -9.91261e-22)
(1.09209 -0.0646023 -5.56883e-23)
(1.09403 -0.0619573 -1.59693e-21)
(1.09645 -0.0583647 1.85435e-21)
(1.09809 -0.0542116 -6.75927e-21)
(1.10234 -0.0500193 4.5858e-21)
(1.10529 -0.0450186 1.27089e-20)
(1.11337 -0.0416342 7.11084e-22)
(1.12684 -0.0900421 -3.27818e-22)
(1.13286 -0.0896666 -2.1372e-21)
(1.13934 -0.089046 4.07113e-21)
(1.14655 -0.0865077 -6.95044e-21)
(1.15311 -0.0839085 -2.77874e-21)
(1.15963 -0.0783648 6.30071e-21)
(1.16246 -0.073099 6.44849e-21)
(1.16571 -0.0639148 1.72736e-20)
(1.1634 -0.0554584 1.88686e-20)
(1.17103 -0.0436079 -3.59416e-23)
(1.19017 -0.116841 2.32327e-21)
(1.19434 -0.110511 2.90588e-21)
(1.19925 -0.104893 -2.85365e-21)
(1.2045 -0.0952858 1.19827e-20)
(1.21252 -0.0885328 -1.24246e-20)
(1.22264 -0.0752303 -2.64267e-20)
(1.23689 -0.0682867 3.48711e-20)
(1.25384 -0.0503595 -2.3348e-20)
(1.26864 -0.0430204 -3.07669e-20)
(1.28224 -0.0185974 2.38764e-21)
(1.3217 -0.129896 -3.68594e-21)
(1.32938 -0.110275 1.30477e-21)
(1.33621 -0.0915897 2.8593e-20)
(1.33687 -0.0649628 -4.25753e-21)
(1.33848 -0.0427563 -2.38244e-20)
(1.32876 -0.00598522 -3.75184e-20)
(1.32436 0.0180828 2.68633e-20)
(1.29996 0.0703351 1.11456e-20)
(1.2969 0.091597 3.76531e-20)
(1.26832 0.168675 1.11833e-19)
(1.03408 -0.00116887 0)
(1.03218 0.00136678 0)
(1.02394 0.00184668 0)
(1.01569 0.0014343 0)
(1.00991 0.00100997 0)
(1.00622 0.000696087 0)
(1.00382 0.000456752 0)
(1.00227 0.000279431 0)
(1.0014 0.000182817 0)
(1.00068 8.29406e-05 0)
(1.03703 -0.00329755 0)
(1.03357 0.00444565 0)
(1.02396 0.00568251 0)
(1.01529 0.00432839 0)
(1.00957 0.00303123 0)
(1.00596 0.00207933 0)
(1.00363 0.00135663 0)
(1.00214 0.000826411 0)
(1.00131 0.00053902 0)
(1.00063 0.000244277 0)
(1.04328 -0.00479159 0)
(1.03631 0.00851124 0)
(1.02387 0.0098855 0)
(1.01445 0.00727484 0)
(1.00887 0.00504838 0)
(1.00544 0.00343095 0)
(1.00325 0.00221271 0)
(1.00189 0.00133682 0)
(1.00114 0.000866909 0)
(1.00055 0.000391754 0)
(1.05356 -0.00477688 0)
(1.04031 0.0143379 0)
(1.02336 0.0146618 0)
(1.01304 0.0102975 0)
(1.00778 0.0070523 0)
(1.00465 0.00471932 0)
(1.00267 0.00298994 0)
(1.00151 0.00178471 0)
(1.00089 0.00114739 0)
(1.00042 0.000516101 0)
(1.06881 -0.00192565 0)
(1.04521 0.0228541 0)
(1.02193 0.0201612 0)
(1.0109 0.0134159 0)
(1.00628 0.00902372 0)
(1.00356 0.00589741 0)
(1.0019 0.00364686 0)
(1.00101 0.00214284 0)
(1.00058 0.00136183 0)
(1.00027 0.000608817 0)
(1.09112 0.00433017 0)
(1.0503 0.0342994 0)
(1.01881 0.0262808 0)
(1.00782 0.0166302 0)
(1.00429 0.0109161 0)
(1.00215 0.00689428 0)
(1.00095 0.00413399 0)
(1.00042 0.0023829 0)
(1.00021 0.00149294 0)
(1.00009 0.000662393 0)
(1.12274 0.0235302 0)
(1.05485 0.0499293 0)
(1.01333 0.0328655 0)
(1.00365 0.019858 0)
(1.00175 0.0125805 0)
(1.00041 0.00759018 0)
(0.999828 0.0043898 0)
(0.999766 0.00247538 0)
(0.999817 0.00152491 0)
(0.999895 0.000670571 0)
(1.16104 0.0565731 0)
(1.0538 0.0731274 0)
(1.00411 0.0420561 0)
(0.998174 0.0238036 0)
(0.998555 0.0140013 0)
(0.99835 0.00788578 0)
(0.998593 0.00435965 0)
(0.999074 0.002394 0)
(0.999412 0.00144533 0)
(0.999706 0.000628634 0)
(1.22155 0.0784967 0)
(1.04646 0.0815943 0)
(0.989238 0.046374 0)
(0.990248 0.0258823 0)
(0.994274 0.0142198 0)
(0.995928 0.00750602 0)
(0.997297 0.00399056 0)
(0.998394 0.0021365 0)
(0.999031 0.00126207 0)
(0.999533 0.000543269 0)
(1.29532 0.222589 0)
(1.04804 0.128426 0)
(0.978214 0.0683113 0)
(0.982777 0.0325321 0)
(0.989919 0.0144357 0)
(0.993609 0.00648094 0)
(0.99613 0.0031507 0)
(0.997798 0.00160715 0)
(0.998705 0.000921988 0)
(0.999387 0.000394202 0)
(1.10114 0.356386 7.44341e-20)
(0.946374 0.154668 -3.27582e-21)
(0.946835 0.0708129 2.03616e-21)
(0.972028 0.0289234 -3.34526e-22)
(0.986045 0.0113973 -9.16671e-22)
(0.992271 0.00491777 2.37169e-23)
(0.99565 0.00237756 8.21127e-23)
(0.997597 0.0012077 1.636e-23)
(0.9986 0.000691916 -3.93357e-24)
(0.999342 0.000295078 7.598e-24)
(1.02563 0.346828 9.85806e-21)
(0.916099 0.143666 -3.85934e-22)
(0.938323 0.0655666 -9.72166e-22)
(0.96924 0.0266017 9.13692e-22)
(0.985087 0.0103889 2.06072e-23)
(0.991948 0.00445979 -2.19911e-22)
(0.995534 0.00215164 -2.87051e-23)
(0.997548 0.00109158 -1.51375e-22)
(0.998573 0.000624571 -1.41821e-23)
(0.999329 0.000265944 -7.51622e-24)
(0.925943 0.329831 3.45322e-20)
(0.884551 0.132123 8.6998e-22)
(0.930353 0.0593577 -7.61666e-22)
(0.966821 0.0238657 -1.67139e-21)
(0.984297 0.00927166 4.51589e-22)
(0.991688 0.00397004 1.2548e-22)
(0.995441 0.00191093 1.80964e-22)
(0.997507 0.000968361 1.29872e-22)
(0.99855 0.000553813 2.07331e-23)
(0.999319 0.000235728 6.79915e-24)
(0.805224 0.321006 -6.68489e-20)
(0.85095 0.12368 4.30736e-21)
(0.922686 0.0535601 3.4068e-21)
(0.96472 0.0210788 -1.26806e-22)
(0.983665 0.00810041 1.22993e-22)
(0.991487 0.00345823 -3.90206e-22)
(0.995369 0.0016617 2.8249e-23)
(0.997475 0.000841599 -9.45823e-24)
(0.998531 0.000481477 -1.00112e-24)
(0.99931 0.000204999 3.54562e-24)
(0.670642 0.305254 4.69782e-20)
(0.817203 0.112692 -5.77491e-21)
(0.915529 0.047095 7.94346e-22)
(0.962921 0.0181576 -1.24721e-21)
(0.983165 0.00690141 -3.02986e-22)
(0.991336 0.00293797 3.30045e-22)
(0.995314 0.00140988 7.97112e-23)
(0.997449 0.000713871 6.83413e-23)
(0.998516 0.000408525 2.46693e-23)
(0.999302 0.000173964 6.83237e-24)
(0.535464 0.275337 -1.057e-20)
(0.786879 0.0970369 -1.30709e-21)
(0.909368 0.0395885 -4.57646e-22)
(0.961445 0.0150529 1.40335e-21)
(0.982777 0.00567487 -1.06564e-21)
(0.991223 0.00241122 -4.38959e-23)
(0.995273 0.00115612 -1.45644e-22)
(0.997429 0.00058534 -2.06167e-23)
(0.998503 0.000334978 -5.43833e-23)
(0.999295 0.000142631 -9.78907e-24)
(0.420117 0.231855 -6.54364e-21)
(0.763285 0.0775564 4.15046e-21)
(0.904634 0.0312821 -2.78066e-21)
(0.960315 0.0118071 4.77174e-22)
(0.982484 0.00442731 4.00341e-22)
(0.991139 0.00187925 -9.4718e-23)
(0.995242 0.000900685 3.2765e-23)
(0.997413 0.000456072 -1.51222e-23)
(0.998493 0.000260901 1.21678e-23)
(0.99929 0.000111049 1.20623e-24)
(0.345262 0.17654 6.96097e-21)
(0.748082 0.0557914 1.25734e-21)
(0.901518 0.0224958 -9.89784e-22)
(0.959532 0.00847357 6.80926e-22)
(0.982276 0.00316764 1.11996e-22)
(0.991079 0.00134412 -7.15022e-23)
(0.99522 0.000644211 5.05446e-23)
(0.997401 0.000326322 -2.26743e-23)
(0.998485 0.000186443 2.58951e-23)
(0.999286 7.92846e-05 -4.23692e-24)
(0.315986 0.111028 -3.82851e-21)
(0.740559 0.0332867 5.37907e-23)
(0.899863 0.0135068 1.15749e-21)
(0.959066 0.00509487 -4.83953e-22)
(0.982146 0.00190236 -6.27055e-23)
(0.99104 0.000807302 5.37078e-23)
(0.995205 0.000387115 -3.70989e-23)
(0.997394 0.000196293 -1.55622e-23)
(0.99848 0.000111736 -1.85064e-23)
(0.999283 4.73964e-05 -2.5169e-24)
(0.313467 0.0379582 -6.19994e-22)
(0.738076 0.0110183 -4.58615e-22)
(0.899236 0.00449956 -3.56645e-22)
(0.958859 0.00170081 3.87648e-23)
(0.982084 0.000635473 -6.69079e-23)
(0.991022 0.000269695 1.1899e-23)
(0.995198 0.000129694 -1.07403e-23)
(0.99739 6.60824e-05 -1.05855e-24)
(0.998478 3.68708e-05 3.47758e-25)
(0.999282 1.54299e-05 2.51173e-24)
)
;

boundaryField
{
    inlet
    {
        type            uniformFixedValue;
        uniformValue    constant (1 0 0);
        value           uniform (1 0 0);
    }
    outlet
    {
        type            pressureInletOutletVelocity;
        value           nonuniform List<vector> 
40
(
(0.999386 -0.000395182 0)
(0.999532 -0.000543997 0)
(0.999704 -0.000629078 0)
(0.999894 -0.000670857 0)
(1.00008 -0.000662564 0)
(1.00026 -0.000608906 0)
(1.00042 -0.000516108 0)
(1.00055 -0.000391747 0)
(1.00063 -0.000244307 0)
(1.00068 -8.29577e-05 0)
(0.999282 -1.65601e-05 2.89119e-24)
(0.999283 -4.85237e-05 -2.49943e-24)
(0.999286 -8.04161e-05 -3.39316e-24)
(0.99929 -0.000112185 1.44956e-24)
(0.999295 -0.000143778 -6.34386e-24)
(0.999302 -0.000175121 9.25785e-24)
(0.999309 -0.000206165 3.1931e-24)
(0.999319 -0.000236903 4.00203e-24)
(0.999329 -0.000267126 -1.41133e-23)
(0.999341 -0.00029625 1.2068e-24)
(0.999342 0.000295078 7.598e-24)
(0.999329 0.000265944 -7.51622e-24)
(0.999319 0.000235728 6.79915e-24)
(0.99931 0.000204999 3.54562e-24)
(0.999302 0.000173964 6.83237e-24)
(0.999295 0.000142631 -9.78907e-24)
(0.99929 0.000111049 1.20623e-24)
(0.999286 7.92846e-05 -4.23692e-24)
(0.999283 4.73964e-05 -2.5169e-24)
(0.999282 1.54299e-05 2.51173e-24)
(1.00068 8.29406e-05 0)
(1.00063 0.000244277 0)
(1.00055 0.000391754 0)
(1.00042 0.000516101 0)
(1.00027 0.000608817 0)
(1.00009 0.000662393 0)
(0.999895 0.000670571 0)
(0.999706 0.000628634 0)
(0.999533 0.000543269 0)
(0.999387 0.000394202 0)
)
;
    }
    cylinder
    {
        type            fixedValue;
        value           uniform (0 0 0);
    }
    top
    {
        type            symmetryPlane;
    }
    bottom
    {
        type            symmetryPlane;
    }
    defaultFaces
    {
        type            empty;
    }
}


// ************************************************************************* //
